# Region type : faceZone InSurface
# Faces  :    590
# Area   :    6.238624e+01
# Time        	areaAverage(surfaceInterpolate(mag(U)))
0             	1.000000e+00
0.2           	1.000000e+00
0.4           	1.000000e+00
0.6           	1.000000e+00
0.8           	1.000000e+00
1             	9.577571e-01
1.2           	9.577571e-01
1.4           	9.577571e-01
1.6           	9.577571e-01
1.8           	9.577571e-01
2             	9.310075e-01
2.2           	9.310075e-01
2.4           	9.310075e-01
2.6           	9.310075e-01
2.8           	9.310075e-01
3             	9.130111e-01
3.2           	9.130111e-01
3.4           	9.130111e-01
3.6           	9.130111e-01
3.8           	9.130111e-01
4             	9.002487e-01
4.2           	9.002487e-01
4.4           	9.002487e-01
4.6           	9.002487e-01
4.8           	9.002487e-01
5             	8.907421e-01
5.2           	8.907421e-01
5.4           	8.907421e-01
5.6           	8.907421e-01
5.8           	8.907421e-01
6             	8.833571e-01
6.2           	8.833571e-01
6.4           	8.833571e-01
6.6           	8.833571e-01
6.8           	8.833571e-01
7             	8.774142e-01
7.2           	8.774142e-01
7.4           	8.774142e-01
7.6           	8.774142e-01
7.8           	8.774142e-01
8             	8.724732e-01
8.2           	8.724732e-01
8.4           	8.724732e-01
8.6           	8.724732e-01
8.8           	8.724732e-01
9             	8.682534e-01
9.2           	8.682534e-01
9.4           	8.682534e-01
9.6           	8.682534e-01
9.8           	8.682534e-01
10            	8.645741e-01
10.2          	8.645741e-01
10.4          	8.645741e-01
10.6          	8.645741e-01
10.8          	8.645741e-01
11            	8.613153e-01
11.2          	8.613153e-01
11.4          	8.613153e-01
11.6          	8.613153e-01
11.8          	8.613153e-01
12            	8.583856e-01
12.2          	8.583856e-01
12.4          	8.583856e-01
12.6          	8.583856e-01
12.8          	8.583856e-01
13            	8.557261e-01
13.2          	8.557261e-01
13.4          	8.557261e-01
13.6          	8.557261e-01
13.8          	8.557261e-01
14            	8.532948e-01
14.2          	8.532948e-01
14.4          	8.532948e-01
14.6          	8.532948e-01
14.8          	8.532948e-01
15            	8.510525e-01
15.2          	8.510525e-01
15.4          	8.510525e-01
15.6          	8.510525e-01
15.8          	8.510525e-01
16            	8.489714e-01
16.2          	8.489714e-01
16.4          	8.489714e-01
16.6          	8.489714e-01
16.8          	8.489714e-01
17            	8.470291e-01
17.2          	8.470291e-01
17.4          	8.470291e-01
17.6          	8.470291e-01
17.8          	8.470291e-01
18            	8.452083e-01
18.2          	8.452083e-01
18.4          	8.452083e-01
18.6          	8.452083e-01
18.8          	8.452083e-01
19            	8.434932e-01
19.2          	8.434932e-01
19.4          	8.434932e-01
19.6          	8.434932e-01
19.8          	8.434932e-01
20            	8.418671e-01
20.2          	8.418671e-01
20.4          	8.418671e-01
20.6          	8.418671e-01
20.8          	8.418671e-01
21            	8.403249e-01
21.2          	8.403249e-01
21.4          	8.403249e-01
21.6          	8.403249e-01
21.8          	8.403249e-01
22            	8.388567e-01
22.2          	8.388567e-01
22.4          	8.388567e-01
22.6          	8.388567e-01
22.8          	8.388567e-01
23            	8.374585e-01
23.2          	8.374585e-01
23.4          	8.374585e-01
23.6          	8.374585e-01
23.8          	8.374585e-01
24            	8.361230e-01
24.2          	8.361230e-01
24.4          	8.361230e-01
24.6          	8.361230e-01
24.8          	8.361230e-01
25            	8.348482e-01
25.2          	8.348482e-01
25.4          	8.348482e-01
25.6          	8.348482e-01
25.8          	8.348482e-01
26            	8.336280e-01
26.2          	8.336280e-01
26.4          	8.336280e-01
26.6          	8.336280e-01
26.8          	8.336280e-01
27            	8.324561e-01
27.2          	8.324561e-01
27.4          	8.324561e-01
27.6          	8.324561e-01
27.8          	8.324561e-01
28            	8.313349e-01
28.2          	8.313349e-01
28.4          	8.313349e-01
28.6          	8.313349e-01
28.8          	8.313349e-01
29            	8.302581e-01
29.2          	8.302581e-01
29.4          	8.302581e-01
29.6          	8.302581e-01
29.8          	8.302581e-01
30            	8.292216e-01
30.2          	8.292216e-01
30.4          	8.292216e-01
30.6          	8.292216e-01
30.8          	8.292216e-01
31            	8.282238e-01
31.2          	8.282238e-01
31.4          	8.282238e-01
31.6          	8.282238e-01
31.8          	8.282238e-01
32            	8.272626e-01
32.2          	8.272626e-01
32.4          	8.272626e-01
32.6          	8.272626e-01
32.8          	8.272626e-01
33            	8.263382e-01
33.2          	8.263382e-01
33.4          	8.263382e-01
33.6          	8.263382e-01
33.8          	8.263382e-01
34            	8.254463e-01
34.2          	8.254463e-01
34.4          	8.254463e-01
34.6          	8.254463e-01
34.8          	8.254463e-01
35            	8.245906e-01
35.2          	8.245906e-01
35.4          	8.245906e-01
35.6          	8.245906e-01
35.8          	8.245906e-01
36            	8.237687e-01
36.2          	8.237687e-01
36.4          	8.237687e-01
36.6          	8.237687e-01
36.8          	8.237687e-01
37            	8.229811e-01
37.2          	8.229811e-01
37.4          	8.229811e-01
37.6          	8.229811e-01
37.8          	8.229811e-01
38            	8.222209e-01
38.2          	8.222209e-01
38.4          	8.222209e-01
38.6          	8.222209e-01
38.8          	8.222209e-01
39            	8.214893e-01
39.2          	8.214893e-01
39.4          	8.214893e-01
39.6          	8.214893e-01
39.8          	8.214893e-01
40            	8.207854e-01
40.2          	8.207854e-01
40.4          	8.207854e-01
40.6          	8.207854e-01
40.8          	8.207854e-01
41            	8.201117e-01
41.2          	8.201117e-01
41.4          	8.201117e-01
41.6          	8.201117e-01
41.8          	8.201117e-01
42            	8.194645e-01
42.2          	8.194645e-01
42.4          	8.194645e-01
42.6          	8.194645e-01
42.8          	8.194645e-01
43            	8.188444e-01
43.2          	8.188444e-01
43.4          	8.188444e-01
43.6          	8.188444e-01
43.8          	8.188444e-01
44            	8.182500e-01
44.2          	8.182500e-01
44.4          	8.182500e-01
44.6          	8.182500e-01
44.8          	8.182500e-01
45            	8.176756e-01
45.2          	8.176756e-01
45.4          	8.176756e-01
45.6          	8.176756e-01
45.8          	8.176756e-01
46            	8.171236e-01
46.2          	8.171236e-01
46.4          	8.171236e-01
46.6          	8.171236e-01
46.8          	8.171236e-01
47            	8.165940e-01
47.2          	8.165940e-01
47.4          	8.165940e-01
47.6          	8.165940e-01
47.8          	8.165940e-01
48            	8.160853e-01
48.2          	8.160853e-01
48.4          	8.160853e-01
48.6          	8.160853e-01
48.8          	8.160853e-01
49            	8.155983e-01
49.2          	8.155983e-01
49.4          	8.155983e-01
49.6          	8.155983e-01
49.8          	8.155983e-01
50            	8.151383e-01
50.2          	8.151383e-01
50.4          	8.151383e-01
50.6          	8.151383e-01
50.8          	8.151383e-01
51            	8.146920e-01
51.2          	8.146920e-01
51.4          	8.146920e-01
51.6          	8.146920e-01
51.8          	8.146920e-01
52            	8.142564e-01
52.2          	8.142564e-01
52.4          	8.142564e-01
52.6          	8.142564e-01
52.8          	8.142564e-01
53            	8.138490e-01
53.2          	8.138490e-01
53.4          	8.138490e-01
53.6          	8.138490e-01
53.8          	8.138490e-01
54            	8.134615e-01
54.2          	8.134615e-01
54.4          	8.134615e-01
54.6          	8.134615e-01
54.8          	8.134615e-01
55            	8.130903e-01
55.2          	8.130903e-01
55.4          	8.130903e-01
55.6          	8.130903e-01
55.8          	8.130903e-01
56            	8.127335e-01
56.2          	8.127335e-01
56.4          	8.127335e-01
56.6          	8.127335e-01
56.8          	8.127335e-01
57            	8.123926e-01
57.2          	8.123926e-01
57.4          	8.123926e-01
57.6          	8.123926e-01
57.8          	8.123926e-01
58            	8.120700e-01
58.2          	8.120700e-01
58.4          	8.120700e-01
58.6          	8.120700e-01
58.8          	8.120700e-01
59            	8.117668e-01
59.2          	8.117668e-01
59.4          	8.117668e-01
59.6          	8.117668e-01
59.8          	8.117668e-01
60            	8.114764e-01
60.2          	8.114764e-01
60.4          	8.114764e-01
60.6          	8.114764e-01
60.8          	8.114764e-01
61            	8.111959e-01
61.2          	8.111959e-01
61.4          	8.111959e-01
61.6          	8.111959e-01
61.8          	8.111959e-01
62            	8.109208e-01
62.2          	8.109208e-01
62.4          	8.109208e-01
62.6          	8.109208e-01
62.8          	8.109208e-01
63            	8.106606e-01
63.2          	8.106606e-01
63.4          	8.106606e-01
63.6          	8.106606e-01
63.8          	8.106606e-01
64            	8.104188e-01
64.2          	8.104188e-01
64.4          	8.104188e-01
64.6          	8.104188e-01
64.8          	8.104188e-01
65            	8.101794e-01
65.2          	8.101794e-01
65.4          	8.101794e-01
65.6          	8.101794e-01
65.8          	8.101794e-01
66            	8.099416e-01
66.2          	8.099416e-01
66.4          	8.099416e-01
66.6          	8.099416e-01
66.8          	8.099416e-01
67            	8.097145e-01
67.2          	8.097145e-01
67.4          	8.097145e-01
67.6          	8.097145e-01
67.8          	8.097145e-01
68            	8.094913e-01
68.2          	8.094913e-01
68.4          	8.094913e-01
68.6          	8.094913e-01
68.8          	8.094913e-01
69            	8.092715e-01
69.2          	8.092715e-01
69.4          	8.092715e-01
69.6          	8.092715e-01
69.8          	8.092715e-01
70            	8.090653e-01
70.2          	8.090653e-01
70.4          	8.090653e-01
70.6          	8.090653e-01
70.8          	8.090653e-01
71            	8.088654e-01
71.2          	8.088654e-01
71.4          	8.088654e-01
71.6          	8.088654e-01
71.8          	8.088654e-01
72            	8.086771e-01
72.2          	8.086771e-01
72.4          	8.086771e-01
72.6          	8.086771e-01
72.8          	8.086771e-01
73            	8.084941e-01
73.2          	8.084941e-01
73.4          	8.084941e-01
73.6          	8.084941e-01
73.8          	8.084941e-01
74            	8.083139e-01
74.2          	8.083139e-01
74.4          	8.083139e-01
74.6          	8.083139e-01
74.8          	8.083139e-01
75            	8.081227e-01
75.2          	8.081227e-01
75.4          	8.081227e-01
75.6          	8.081227e-01
75.8          	8.081227e-01
76            	8.079405e-01
76.2          	8.079405e-01
76.4          	8.079405e-01
76.6          	8.079405e-01
76.8          	8.079405e-01
77            	8.077790e-01
77.2          	8.077790e-01
77.4          	8.077790e-01
77.6          	8.077790e-01
77.8          	8.077790e-01
78            	8.076279e-01
78.2          	8.076279e-01
78.4          	8.076279e-01
78.6          	8.076279e-01
78.8          	8.076279e-01
79            	8.074759e-01
79.2          	8.074759e-01
79.4          	8.074759e-01
79.6          	8.074759e-01
79.8          	8.074759e-01
80            	8.073249e-01
80.2          	8.073249e-01
80.4          	8.073249e-01
80.6          	8.073249e-01
80.8          	8.073249e-01
81            	8.071780e-01
81.2          	8.071780e-01
81.4          	8.071780e-01
81.6          	8.071780e-01
81.8          	8.071780e-01
82            	8.070386e-01
82.2          	8.070386e-01
82.4          	8.070386e-01
82.6          	8.070386e-01
82.8          	8.070386e-01
83            	8.069073e-01
83.2          	8.069073e-01
83.4          	8.069073e-01
83.6          	8.069073e-01
83.8          	8.069073e-01
84            	8.067834e-01
84.2          	8.067834e-01
84.4          	8.067834e-01
84.6          	8.067834e-01
84.8          	8.067834e-01
85            	8.066273e-01
85.2          	8.066273e-01
85.4          	8.066273e-01
85.6          	8.066273e-01
85.8          	8.066273e-01
86            	8.065132e-01
86.2          	8.065132e-01
86.4          	8.065132e-01
86.6          	8.065132e-01
86.8          	8.065132e-01
87            	8.063844e-01
87.2          	8.063844e-01
87.4          	8.063844e-01
87.6          	8.063844e-01
87.8          	8.063844e-01
88            	8.062500e-01
88.2          	8.062500e-01
88.4          	8.062500e-01
88.6          	8.062500e-01
88.8          	8.062500e-01
89            	8.061335e-01
89.2          	8.061335e-01
89.4          	8.061335e-01
89.6          	8.061335e-01
89.8          	8.061335e-01
90            	8.060234e-01
90.2          	8.060234e-01
90.4          	8.060234e-01
90.6          	8.060234e-01
90.8          	8.060234e-01
91            	8.059009e-01
91.2          	8.059009e-01
91.4          	8.059009e-01
91.6          	8.059009e-01
91.8          	8.059009e-01
92            	8.058201e-01
92.2          	8.058201e-01
92.4          	8.058201e-01
92.6          	8.058201e-01
92.8          	8.058201e-01
93            	8.057429e-01
93.2          	8.057429e-01
93.4          	8.057429e-01
93.6          	8.057429e-01
93.8          	8.057429e-01
94            	8.055447e-01
94.2          	8.055447e-01
94.4          	8.055447e-01
94.6          	8.055447e-01
94.8          	8.055447e-01
95            	8.054059e-01
95.2          	8.054059e-01
95.4          	8.054059e-01
95.6          	8.054059e-01
95.8          	8.054059e-01
96            	8.054625e-01
96.2          	8.054625e-01
96.4          	8.054625e-01
96.6          	8.054625e-01
96.8          	8.054625e-01
97            	8.052334e-01
97.2          	8.052334e-01
97.4          	8.052334e-01
97.6          	8.052334e-01
97.8          	8.052334e-01
98            	8.045053e-01
98.2          	8.045053e-01
98.4          	8.045053e-01
98.6          	8.045053e-01
98.8          	8.045053e-01
99            	8.039046e-01
99.2          	8.039046e-01
99.4          	8.039046e-01
99.6          	8.039046e-01
99.8          	8.039046e-01
100           	8.035164e-01
100.2         	8.035164e-01
100.4         	8.035164e-01
100.6         	8.035164e-01
100.8         	8.035164e-01
101           	8.031830e-01
101.2         	8.031830e-01
101.4         	8.031830e-01
101.6         	8.031830e-01
101.8         	8.031830e-01
102           	8.028866e-01
102.2         	8.028866e-01
102.4         	8.028866e-01
102.6         	8.028866e-01
102.8         	8.028866e-01
103           	8.026374e-01
103.2         	8.026374e-01
103.4         	8.026374e-01
103.6         	8.026374e-01
103.8         	8.026374e-01
104           	8.024367e-01
104.2         	8.024367e-01
104.4         	8.024367e-01
104.6         	8.024367e-01
104.8         	8.024367e-01
105           	8.022721e-01
105.2         	8.022721e-01
105.4         	8.022721e-01
105.6         	8.022721e-01
105.8         	8.022721e-01
106           	8.021329e-01
106.2         	8.021329e-01
106.4         	8.021329e-01
106.6         	8.021329e-01
106.8         	8.021329e-01
107           	8.020140e-01
107.2         	8.020140e-01
107.4         	8.020140e-01
107.6         	8.020140e-01
107.8         	8.020140e-01
108           	8.019123e-01
108.2         	8.019123e-01
108.4         	8.019123e-01
108.6         	8.019123e-01
108.8         	8.019123e-01
109           	8.018248e-01
109.2         	8.018248e-01
109.4         	8.018248e-01
109.6         	8.018248e-01
109.8         	8.018248e-01
110           	8.017491e-01
110.2         	8.017491e-01
110.4         	8.017491e-01
110.6         	8.017491e-01
110.8         	8.017491e-01
111           	8.016831e-01
111.2         	8.016831e-01
111.4         	8.016831e-01
111.6         	8.016831e-01
111.8         	8.016831e-01
112           	8.016254e-01
112.2         	8.016254e-01
112.4         	8.016254e-01
112.6         	8.016254e-01
112.8         	8.016254e-01
113           	8.015746e-01
113.2         	8.015746e-01
113.4         	8.015746e-01
113.6         	8.015746e-01
113.8         	8.015746e-01
114           	8.015290e-01
114.2         	8.015290e-01
114.4         	8.015290e-01
114.6         	8.015290e-01
114.8         	8.015290e-01
115           	8.014882e-01
115.2         	8.014882e-01
115.4         	8.014882e-01
115.6         	8.014882e-01
115.8         	8.014882e-01
116           	8.014508e-01
116.2         	8.014508e-01
116.4         	8.014508e-01
116.6         	8.014508e-01
116.8         	8.014508e-01
117           	8.014159e-01
117.2         	8.014159e-01
117.4         	8.014159e-01
117.6         	8.014159e-01
117.8         	8.014159e-01
118           	8.013840e-01
118.2         	8.013840e-01
118.4         	8.013840e-01
118.6         	8.013840e-01
118.8         	8.013840e-01
119           	8.013545e-01
119.2         	8.013545e-01
119.4         	8.013545e-01
119.6         	8.013545e-01
119.8         	8.013545e-01
120           	8.013267e-01
120.2         	8.013267e-01
120.4         	8.013267e-01
120.6         	8.013267e-01
120.8         	8.013267e-01
121           	8.013005e-01
121.2         	8.013005e-01
121.4         	8.013005e-01
121.6         	8.013005e-01
121.8         	8.013005e-01
122           	8.012758e-01
122.2         	8.012758e-01
122.4         	8.012758e-01
122.6         	8.012758e-01
122.8         	8.012758e-01
123           	8.012522e-01
123.2         	8.012522e-01
123.4         	8.012522e-01
123.6         	8.012522e-01
123.8         	8.012522e-01
124           	8.012296e-01
124.2         	8.012296e-01
124.4         	8.012296e-01
124.6         	8.012296e-01
124.8         	8.012296e-01
125           	8.012076e-01
125.2         	8.012076e-01
125.4         	8.012076e-01
125.6         	8.012076e-01
125.8         	8.012076e-01
126           	8.012748e-01
126.2         	8.012748e-01
126.4         	8.012748e-01
126.6         	8.012748e-01
126.8         	8.012748e-01
127           	8.017131e-01
127.2         	8.017131e-01
127.4         	8.017131e-01
127.6         	8.017131e-01
127.8         	8.017131e-01
128           	8.017550e-01
128.2         	8.017550e-01
128.4         	8.017550e-01
128.6         	8.017550e-01
128.8         	8.017550e-01
129           	8.016645e-01
129.2         	8.016645e-01
129.4         	8.016645e-01
129.6         	8.016645e-01
129.8         	8.016645e-01
130           	8.015991e-01
130.2         	8.015991e-01
130.4         	8.015991e-01
130.6         	8.015991e-01
130.8         	8.015991e-01
131           	8.012550e-01
131.2         	8.012550e-01
131.4         	8.012550e-01
131.6         	8.012550e-01
131.8         	8.012550e-01
132           	8.009980e-01
132.2         	8.009980e-01
132.4         	8.009980e-01
132.6         	8.009980e-01
132.8         	8.009980e-01
133           	8.010378e-01
133.2         	8.010378e-01
133.4         	8.010378e-01
133.6         	8.010378e-01
133.8         	8.010378e-01
134           	8.007096e-01
134.2         	8.007096e-01
134.4         	8.007096e-01
134.6         	8.007096e-01
134.8         	8.007096e-01
135           	8.006763e-01
135.2         	8.006763e-01
135.4         	8.006763e-01
135.6         	8.006763e-01
135.8         	8.006763e-01
136           	8.004795e-01
136.2         	8.004795e-01
136.4         	8.004795e-01
136.6         	8.004795e-01
136.8         	8.004795e-01
137           	7.998583e-01
137.2         	7.998583e-01
137.4         	7.998583e-01
137.6         	7.998583e-01
137.8         	7.998583e-01
138           	7.995709e-01
138.2         	7.995709e-01
138.4         	7.995709e-01
138.6         	7.995709e-01
138.8         	7.995709e-01
139           	7.994547e-01
139.2         	7.994547e-01
139.4         	7.994547e-01
139.6         	7.994547e-01
139.8         	7.994547e-01
140           	7.990007e-01
140.2         	7.990007e-01
140.4         	7.990007e-01
140.6         	7.990007e-01
140.8         	7.990007e-01
141           	7.982107e-01
141.2         	7.982107e-01
141.4         	7.982107e-01
141.6         	7.982107e-01
141.8         	7.982107e-01
142           	7.977284e-01
142.2         	7.977284e-01
142.4         	7.977284e-01
142.6         	7.977284e-01
142.8         	7.977284e-01
143           	7.975045e-01
143.2         	7.975045e-01
143.4         	7.975045e-01
143.6         	7.975045e-01
143.8         	7.975045e-01
144           	7.971822e-01
144.2         	7.971822e-01
144.4         	7.971822e-01
144.6         	7.971822e-01
144.8         	7.971822e-01
145           	7.967727e-01
145.2         	7.967727e-01
145.4         	7.967727e-01
145.6         	7.967727e-01
145.8         	7.967727e-01
146           	7.964675e-01
146.2         	7.964675e-01
146.4         	7.964675e-01
146.6         	7.964675e-01
146.8         	7.964675e-01
147           	7.961916e-01
147.2         	7.961916e-01
147.4         	7.961916e-01
147.6         	7.961916e-01
147.8         	7.961916e-01
148           	7.959295e-01
148.2         	7.959295e-01
148.4         	7.959295e-01
148.6         	7.959295e-01
148.8         	7.959295e-01
149           	7.957122e-01
149.2         	7.957122e-01
149.4         	7.957122e-01
149.6         	7.957122e-01
149.8         	7.957122e-01
150           	7.955216e-01
150.2         	7.955216e-01
150.4         	7.955216e-01
150.6         	7.955216e-01
150.8         	7.955216e-01
151           	7.953555e-01
151.2         	7.953555e-01
151.4         	7.953555e-01
151.6         	7.953555e-01
151.8         	7.953555e-01
152           	7.952175e-01
152.2         	7.952175e-01
152.4         	7.952175e-01
152.6         	7.952175e-01
152.8         	7.952175e-01
153           	7.951025e-01
153.2         	7.951025e-01
153.4         	7.951025e-01
153.6         	7.951025e-01
153.8         	7.951025e-01
154           	7.950090e-01
154.2         	7.950090e-01
154.4         	7.950090e-01
154.6         	7.950090e-01
154.8         	7.950090e-01
155           	7.949328e-01
155.2         	7.949328e-01
155.4         	7.949328e-01
155.6         	7.949328e-01
155.8         	7.949328e-01
156           	7.948704e-01
156.2         	7.948704e-01
156.4         	7.948704e-01
156.6         	7.948704e-01
156.8         	7.948704e-01
157           	7.948206e-01
157.2         	7.948206e-01
157.4         	7.948206e-01
157.6         	7.948206e-01
157.8         	7.948206e-01
158           	7.947799e-01
158.2         	7.947799e-01
158.4         	7.947799e-01
158.6         	7.947799e-01
158.8         	7.947799e-01
159           	7.947468e-01
159.2         	7.947468e-01
159.4         	7.947468e-01
159.6         	7.947468e-01
159.8         	7.947468e-01
160           	7.947215e-01
160.2         	7.947215e-01
160.4         	7.947215e-01
160.6         	7.947215e-01
160.8         	7.947215e-01
161           	7.947024e-01
161.2         	7.947024e-01
161.4         	7.947024e-01
161.6         	7.947024e-01
161.8         	7.947024e-01
162           	7.946878e-01
162.2         	7.946878e-01
162.4         	7.946878e-01
162.6         	7.946878e-01
162.8         	7.946878e-01
163           	7.946772e-01
163.2         	7.946772e-01
163.4         	7.946772e-01
163.6         	7.946772e-01
163.8         	7.946772e-01
164           	7.946703e-01
164.2         	7.946703e-01
164.4         	7.946703e-01
164.6         	7.946703e-01
164.8         	7.946703e-01
165           	7.946665e-01
165.2         	7.946665e-01
165.4         	7.946665e-01
165.6         	7.946665e-01
165.8         	7.946665e-01
166           	7.946652e-01
166.2         	7.946652e-01
166.4         	7.946652e-01
166.6         	7.946652e-01
166.8         	7.946652e-01
167           	7.946659e-01
167.2         	7.946659e-01
167.4         	7.946659e-01
167.6         	7.946659e-01
167.8         	7.946659e-01
168           	7.946684e-01
168.2         	7.946684e-01
168.4         	7.946684e-01
168.6         	7.946684e-01
168.8         	7.946684e-01
169           	7.946723e-01
169.2         	7.946723e-01
169.4         	7.946723e-01
169.6         	7.946723e-01
169.8         	7.946723e-01
170           	7.946769e-01
170.2         	7.946769e-01
170.4         	7.946769e-01
170.6         	7.946769e-01
170.8         	7.946769e-01
171           	7.946817e-01
171.2         	7.946817e-01
171.4         	7.946817e-01
171.6         	7.946817e-01
171.8         	7.946817e-01
172           	7.946867e-01
172.2         	7.946867e-01
172.4         	7.946867e-01
172.6         	7.946867e-01
172.8         	7.946867e-01
173           	7.946923e-01
173.2         	7.946923e-01
173.4         	7.946923e-01
173.6         	7.946923e-01
173.8         	7.946923e-01
174           	7.946993e-01
174.2         	7.946993e-01
174.4         	7.946993e-01
174.6         	7.946993e-01
174.8         	7.946993e-01
175           	7.947080e-01
175.2         	7.947080e-01
175.4         	7.947080e-01
175.6         	7.947080e-01
175.8         	7.947080e-01
176           	7.947178e-01
176.2         	7.947178e-01
176.4         	7.947178e-01
176.6         	7.947178e-01
176.8         	7.947178e-01
177           	7.947276e-01
177.2         	7.947276e-01
177.4         	7.947276e-01
177.6         	7.947276e-01
177.8         	7.947276e-01
178           	7.947364e-01
178.2         	7.947364e-01
178.4         	7.947364e-01
178.6         	7.947364e-01
178.8         	7.947364e-01
179           	7.947440e-01
179.2         	7.947440e-01
179.4         	7.947440e-01
179.6         	7.947440e-01
179.8         	7.947440e-01
180           	7.947510e-01
180.2         	7.947510e-01
180.4         	7.947510e-01
180.6         	7.947510e-01
180.8         	7.947510e-01
181           	7.947583e-01
181.2         	7.947583e-01
181.4         	7.947583e-01
181.6         	7.947583e-01
181.8         	7.947583e-01
182           	7.947662e-01
182.2         	7.947662e-01
182.4         	7.947662e-01
182.6         	7.947662e-01
182.8         	7.947662e-01
183           	7.947742e-01
183.2         	7.947742e-01
183.4         	7.947742e-01
183.6         	7.947742e-01
183.8         	7.947742e-01
184           	7.947822e-01
184.2         	7.947822e-01
184.4         	7.947822e-01
184.6         	7.947822e-01
184.8         	7.947822e-01
185           	7.947899e-01
185.2         	7.947899e-01
185.4         	7.947899e-01
185.6         	7.947899e-01
185.8         	7.947899e-01
186           	7.947977e-01
186.2         	7.947977e-01
186.4         	7.947977e-01
186.6         	7.947977e-01
186.8         	7.947977e-01
187           	7.948054e-01
187.2         	7.948054e-01
187.4         	7.948054e-01
187.6         	7.948054e-01
187.8         	7.948054e-01
188           	7.948129e-01
188.2         	7.948129e-01
188.4         	7.948129e-01
188.6         	7.948129e-01
188.8         	7.948129e-01
189           	7.948202e-01
189.2         	7.948202e-01
189.4         	7.948202e-01
189.6         	7.948202e-01
189.8         	7.948202e-01
190           	7.948275e-01
190.2         	7.948275e-01
190.4         	7.948275e-01
190.6         	7.948275e-01
190.8         	7.948275e-01
191           	7.948347e-01
191.2         	7.948347e-01
191.4         	7.948347e-01
191.6         	7.948347e-01
191.8         	7.948347e-01
192           	7.948418e-01
192.2         	7.948418e-01
192.4         	7.948418e-01
192.6         	7.948418e-01
192.8         	7.948418e-01
193           	7.948487e-01
193.2         	7.948487e-01
193.4         	7.948487e-01
193.6         	7.948487e-01
193.8         	7.948487e-01
194           	7.948555e-01
194.2         	7.948555e-01
194.4         	7.948555e-01
194.6         	7.948555e-01
194.8         	7.948555e-01
195           	7.948621e-01
195.2         	7.948621e-01
195.4         	7.948621e-01
195.6         	7.948621e-01
195.8         	7.948621e-01
196           	7.948685e-01
196.2         	7.948685e-01
196.4         	7.948685e-01
196.6         	7.948685e-01
196.8         	7.948685e-01
197           	7.948747e-01
197.2         	7.948747e-01
197.4         	7.948747e-01
197.6         	7.948747e-01
197.8         	7.948747e-01
198           	7.948809e-01
198.2         	7.948809e-01
198.4         	7.948809e-01
198.6         	7.948809e-01
198.8         	7.948809e-01
199           	7.948869e-01
199.2         	7.948869e-01
199.4         	7.948869e-01
199.6         	7.948869e-01
199.8         	7.948869e-01
200           	7.948927e-01
200.2         	7.948927e-01
200.4         	7.948927e-01
200.6         	7.948927e-01
200.8         	7.948927e-01
201           	7.948983e-01
201.2         	7.948983e-01
201.4         	7.948983e-01
201.6         	7.948983e-01
201.8         	7.948983e-01
202           	7.949038e-01
202.2         	7.949038e-01
202.4         	7.949038e-01
202.6         	7.949038e-01
202.8         	7.949038e-01
203           	7.949092e-01
203.2         	7.949092e-01
203.4         	7.949092e-01
203.6         	7.949092e-01
203.8         	7.949092e-01
204           	7.949144e-01
204.2         	7.949144e-01
204.4         	7.949144e-01
204.6         	7.949144e-01
204.8         	7.949144e-01
205           	7.949195e-01
205.2         	7.949195e-01
205.4         	7.949195e-01
205.6         	7.949195e-01
205.8         	7.949195e-01
206           	7.949245e-01
206.2         	7.949245e-01
206.4         	7.949245e-01
206.6         	7.949245e-01
206.8         	7.949245e-01
207           	7.949293e-01
207.2         	7.949293e-01
207.4         	7.949293e-01
207.6         	7.949293e-01
207.8         	7.949293e-01
208           	7.949340e-01
208.2         	7.949340e-01
208.4         	7.949340e-01
208.6         	7.949340e-01
208.8         	7.949340e-01
209           	7.949386e-01
209.2         	7.949386e-01
209.4         	7.949386e-01
209.6         	7.949386e-01
209.8         	7.949386e-01
210           	7.949431e-01
210.2         	7.949431e-01
210.4         	7.949431e-01
210.6         	7.949431e-01
210.8         	7.949431e-01
211           	7.949475e-01
211.2         	7.949475e-01
211.4         	7.949475e-01
211.6         	7.949475e-01
211.8         	7.949475e-01
212           	7.949519e-01
212.2         	7.949519e-01
212.4         	7.949519e-01
212.6         	7.949519e-01
212.8         	7.949519e-01
213           	7.949561e-01
213.2         	7.949561e-01
213.4         	7.949561e-01
213.6         	7.949561e-01
213.8         	7.949561e-01
214           	7.949602e-01
214.2         	7.949602e-01
214.4         	7.949602e-01
214.6         	7.949602e-01
214.8         	7.949602e-01
215           	7.949642e-01
215.2         	7.949642e-01
215.4         	7.949642e-01
215.6         	7.949642e-01
215.8         	7.949642e-01
216           	7.949681e-01
216.2         	7.949681e-01
216.4         	7.949681e-01
216.6         	7.949681e-01
216.8         	7.949681e-01
217           	7.949720e-01
217.2         	7.949720e-01
217.4         	7.949720e-01
217.6         	7.949720e-01
217.8         	7.949720e-01
218           	7.949757e-01
218.2         	7.949757e-01
218.4         	7.949757e-01
218.6         	7.949757e-01
218.8         	7.949757e-01
219           	7.949793e-01
219.2         	7.949793e-01
219.4         	7.949793e-01
219.6         	7.949793e-01
219.8         	7.949793e-01
220           	7.949828e-01
220.2         	7.949828e-01
220.4         	7.949828e-01
220.6         	7.949828e-01
220.8         	7.949828e-01
221           	7.949863e-01
221.2         	7.949863e-01
221.4         	7.949863e-01
221.6         	7.949863e-01
221.8         	7.949863e-01
222           	7.949896e-01
222.2         	7.949896e-01
222.4         	7.949896e-01
222.6         	7.949896e-01
222.8         	7.949896e-01
223           	7.949927e-01
223.2         	7.949927e-01
223.4         	7.949927e-01
223.6         	7.949927e-01
223.8         	7.949927e-01
224           	7.949958e-01
224.2         	7.949958e-01
224.4         	7.949958e-01
224.6         	7.949958e-01
224.8         	7.949958e-01
225           	7.949987e-01
225.2         	7.949987e-01
225.4         	7.949987e-01
225.6         	7.949987e-01
225.8         	7.949987e-01
226           	7.950015e-01
226.2         	7.950015e-01
226.4         	7.950015e-01
226.6         	7.950015e-01
226.8         	7.950015e-01
227           	7.950041e-01
227.2         	7.950041e-01
227.4         	7.950041e-01
227.6         	7.950041e-01
227.8         	7.950041e-01
228           	7.950066e-01
228.2         	7.950066e-01
228.4         	7.950066e-01
228.6         	7.950066e-01
228.8         	7.950066e-01
229           	7.950089e-01
229.2         	7.950089e-01
229.4         	7.950089e-01
229.6         	7.950089e-01
229.8         	7.950089e-01
230           	7.950110e-01
230.2         	7.950110e-01
230.4         	7.950110e-01
230.6         	7.950110e-01
230.8         	7.950110e-01
231           	7.950130e-01
231.2         	7.950130e-01
231.4         	7.950130e-01
231.6         	7.950130e-01
231.8         	7.950130e-01
232           	7.950147e-01
232.2         	7.950147e-01
232.4         	7.950147e-01
232.6         	7.950147e-01
232.8         	7.950147e-01
233           	7.950163e-01
233.2         	7.950163e-01
233.4         	7.950163e-01
233.6         	7.950163e-01
233.8         	7.950163e-01
234           	7.950176e-01
234.2         	7.950176e-01
234.4         	7.950176e-01
234.6         	7.950176e-01
234.8         	7.950176e-01
235           	7.950188e-01
235.2         	7.950188e-01
235.4         	7.950188e-01
235.6         	7.950188e-01
235.8         	7.950188e-01
236           	7.950197e-01
236.2         	7.950197e-01
236.4         	7.950197e-01
236.6         	7.950197e-01
236.8         	7.950197e-01
237           	7.950203e-01
237.2         	7.950203e-01
237.4         	7.950203e-01
237.6         	7.950203e-01
237.8         	7.950203e-01
238           	7.950208e-01
238.2         	7.950208e-01
238.4         	7.950208e-01
238.6         	7.950208e-01
238.8         	7.950208e-01
239           	7.950210e-01
239.2         	7.950210e-01
239.4         	7.950210e-01
239.6         	7.950210e-01
239.8         	7.950210e-01
240           	7.950210e-01
240.2         	7.950210e-01
240.4         	7.950210e-01
240.6         	7.950210e-01
240.8         	7.950210e-01
241           	7.950207e-01
241.2         	7.950207e-01
241.4         	7.950207e-01
241.6         	7.950207e-01
241.8         	7.950207e-01
242           	7.950202e-01
242.2         	7.950202e-01
242.4         	7.950202e-01
242.6         	7.950202e-01
242.8         	7.950202e-01
243           	7.950195e-01
243.2         	7.950195e-01
243.4         	7.950195e-01
243.6         	7.950195e-01
243.8         	7.950195e-01
244           	7.950185e-01
244.2         	7.950185e-01
244.4         	7.950185e-01
244.6         	7.950185e-01
244.8         	7.950185e-01
245           	7.950174e-01
245.2         	7.950174e-01
245.4         	7.950174e-01
245.6         	7.950174e-01
245.8         	7.950174e-01
246           	7.950160e-01
246.2         	7.950160e-01
246.4         	7.950160e-01
246.6         	7.950160e-01
246.8         	7.950160e-01
247           	7.950144e-01
247.2         	7.950144e-01
247.4         	7.950144e-01
247.6         	7.950144e-01
247.8         	7.950144e-01
248           	7.950126e-01
248.2         	7.950126e-01
248.4         	7.950126e-01
248.6         	7.950126e-01
248.8         	7.950126e-01
249           	7.950106e-01
249.2         	7.950106e-01
249.4         	7.950106e-01
249.6         	7.950106e-01
249.8         	7.950106e-01
250           	7.950085e-01
250.2         	7.950085e-01
250.4         	7.950085e-01
250.6         	7.950085e-01
250.8         	7.950085e-01
251           	7.950062e-01
251.2         	7.950062e-01
251.4         	7.950062e-01
251.6         	7.950062e-01
251.8         	7.950062e-01
252           	7.950037e-01
252.2         	7.950037e-01
252.4         	7.950037e-01
252.6         	7.950037e-01
252.8         	7.950037e-01
253           	7.950011e-01
253.2         	7.950011e-01
253.4         	7.950011e-01
253.6         	7.950011e-01
253.8         	7.950011e-01
254           	7.949984e-01
254.2         	7.949984e-01
254.4         	7.949984e-01
254.6         	7.949984e-01
254.8         	7.949984e-01
255           	7.949956e-01
255.2         	7.949956e-01
255.4         	7.949956e-01
255.6         	7.949956e-01
255.8         	7.949956e-01
256           	7.949926e-01
256.2         	7.949926e-01
256.4         	7.949926e-01
256.6         	7.949926e-01
256.8         	7.949926e-01
257           	7.949896e-01
257.2         	7.949896e-01
257.4         	7.949896e-01
257.6         	7.949896e-01
257.8         	7.949896e-01
258           	7.949865e-01
258.2         	7.949865e-01
258.4         	7.949865e-01
258.6         	7.949865e-01
258.8         	7.949865e-01
259           	7.949833e-01
259.2         	7.949833e-01
259.4         	7.949833e-01
259.6         	7.949833e-01
259.8         	7.949833e-01
260           	7.949801e-01
260.2         	7.949801e-01
260.4         	7.949801e-01
260.6         	7.949801e-01
260.8         	7.949801e-01
261           	7.949767e-01
261.2         	7.949767e-01
261.4         	7.949767e-01
261.6         	7.949767e-01
261.8         	7.949767e-01
262           	7.949734e-01
262.2         	7.949734e-01
262.4         	7.949734e-01
262.6         	7.949734e-01
262.8         	7.949734e-01
263           	7.949700e-01
263.2         	7.949700e-01
263.4         	7.949700e-01
263.6         	7.949700e-01
263.8         	7.949700e-01
264           	7.949666e-01
264.2         	7.949666e-01
264.4         	7.949666e-01
264.6         	7.949666e-01
264.8         	7.949666e-01
265           	7.949632e-01
265.2         	7.949632e-01
265.4         	7.949632e-01
265.6         	7.949632e-01
265.8         	7.949632e-01
266           	7.949597e-01
266.2         	7.949597e-01
266.4         	7.949597e-01
266.6         	7.949597e-01
266.8         	7.949597e-01
267           	7.949563e-01
267.2         	7.949563e-01
267.4         	7.949563e-01
267.6         	7.949563e-01
267.8         	7.949563e-01
268           	7.949528e-01
268.2         	7.949528e-01
268.4         	7.949528e-01
268.6         	7.949528e-01
268.8         	7.949528e-01
269           	7.949494e-01
269.2         	7.949494e-01
269.4         	7.949494e-01
269.6         	7.949494e-01
269.8         	7.949494e-01
270           	7.949459e-01
270.2         	7.949459e-01
270.4         	7.949459e-01
270.6         	7.949459e-01
270.8         	7.949459e-01
271           	7.949425e-01
271.2         	7.949425e-01
271.4         	7.949425e-01
271.6         	7.949425e-01
271.8         	7.949425e-01
272           	7.949391e-01
272.2         	7.949391e-01
272.4         	7.949391e-01
272.6         	7.949391e-01
272.8         	7.949391e-01
273           	7.949357e-01
273.2         	7.949357e-01
273.4         	7.949357e-01
273.6         	7.949357e-01
273.8         	7.949357e-01
274           	7.949324e-01
274.2         	7.949324e-01
274.4         	7.949324e-01
274.6         	7.949324e-01
274.8         	7.949324e-01
275           	7.949291e-01
275.2         	7.949291e-01
275.4         	7.949291e-01
275.6         	7.949291e-01
275.8         	7.949291e-01
276           	7.949259e-01
276.2         	7.949259e-01
276.4         	7.949259e-01
276.6         	7.949259e-01
276.8         	7.949259e-01
277           	7.949227e-01
277.2         	7.949227e-01
277.4         	7.949227e-01
277.6         	7.949227e-01
277.8         	7.949227e-01
278           	7.949195e-01
278.2         	7.949195e-01
278.4         	7.949195e-01
278.6         	7.949195e-01
278.8         	7.949195e-01
279           	7.949164e-01
279.2         	7.949164e-01
279.4         	7.949164e-01
279.6         	7.949164e-01
279.8         	7.949164e-01
280           	7.949134e-01
280.2         	7.949134e-01
280.4         	7.949134e-01
280.6         	7.949134e-01
280.8         	7.949134e-01
281           	7.949104e-01
281.2         	7.949104e-01
281.4         	7.949104e-01
281.6         	7.949104e-01
281.8         	7.949104e-01
282           	7.949075e-01
282.2         	7.949075e-01
282.4         	7.949075e-01
282.6         	7.949075e-01
282.8         	7.949075e-01
283           	7.949046e-01
283.2         	7.949046e-01
283.4         	7.949046e-01
283.6         	7.949046e-01
283.8         	7.949046e-01
284           	7.949018e-01
284.2         	7.949018e-01
284.4         	7.949018e-01
284.6         	7.949018e-01
284.8         	7.949018e-01
285           	7.948991e-01
285.2         	7.948991e-01
285.4         	7.948991e-01
285.6         	7.948991e-01
285.8         	7.948991e-01
286           	7.948964e-01
286.2         	7.948964e-01
286.4         	7.948964e-01
286.6         	7.948964e-01
286.8         	7.948964e-01
287           	7.948938e-01
287.2         	7.948938e-01
287.4         	7.948938e-01
287.6         	7.948938e-01
287.8         	7.948938e-01
288           	7.948912e-01
288.2         	7.948912e-01
288.4         	7.948912e-01
288.6         	7.948912e-01
288.8         	7.948912e-01
289           	7.948888e-01
289.2         	7.948888e-01
289.4         	7.948888e-01
289.6         	7.948888e-01
289.8         	7.948888e-01
290           	7.948864e-01
290.2         	7.948864e-01
290.4         	7.948864e-01
290.6         	7.948864e-01
290.8         	7.948864e-01
291           	7.948840e-01
291.2         	7.948840e-01
291.4         	7.948840e-01
291.6         	7.948840e-01
291.8         	7.948840e-01
292           	7.948817e-01
292.2         	7.948817e-01
292.4         	7.948817e-01
292.6         	7.948817e-01
292.8         	7.948817e-01
293           	7.948795e-01
293.2         	7.948795e-01
293.4         	7.948795e-01
293.6         	7.948795e-01
293.8         	7.948795e-01
294           	7.948774e-01
294.2         	7.948774e-01
294.4         	7.948774e-01
294.6         	7.948774e-01
294.8         	7.948774e-01
295           	7.948753e-01
295.2         	7.948753e-01
295.4         	7.948753e-01
295.6         	7.948753e-01
295.8         	7.948753e-01
296           	7.948733e-01
296.2         	7.948733e-01
296.4         	7.948733e-01
296.6         	7.948733e-01
296.8         	7.948733e-01
297           	7.948713e-01
297.2         	7.948713e-01
297.4         	7.948713e-01
297.6         	7.948713e-01
297.8         	7.948713e-01
298           	7.948694e-01
298.2         	7.948694e-01
298.4         	7.948694e-01
298.6         	7.948694e-01
298.8         	7.948694e-01
299           	7.948675e-01
299.2         	7.948675e-01
299.4         	7.948675e-01
299.6         	7.948675e-01
299.8         	7.948675e-01
300           	7.948658e-01
300.2         	7.948658e-01
300.4         	7.948658e-01
300.6         	7.948658e-01
300.8         	7.948658e-01
301           	7.948640e-01
301.2         	7.948640e-01
301.4         	7.948640e-01
301.6         	7.948640e-01
301.8         	7.948640e-01
302           	7.948624e-01
302.2         	7.948624e-01
302.4         	7.948624e-01
302.6         	7.948624e-01
302.8         	7.948624e-01
303           	7.948607e-01
303.2         	7.948607e-01
303.4         	7.948607e-01
303.6         	7.948607e-01
303.8         	7.948607e-01
304           	7.948592e-01
304.2         	7.948592e-01
304.4         	7.948592e-01
304.6         	7.948592e-01
304.8         	7.948592e-01
305           	7.948577e-01
305.2         	7.948577e-01
305.4         	7.948577e-01
305.6         	7.948577e-01
305.8         	7.948577e-01
306           	7.948562e-01
306.2         	7.948562e-01
306.4         	7.948562e-01
306.6         	7.948562e-01
306.8         	7.948562e-01
307           	7.948548e-01
307.2         	7.948548e-01
307.4         	7.948548e-01
307.6         	7.948548e-01
307.8         	7.948548e-01
308           	7.948534e-01
308.2         	7.948534e-01
308.4         	7.948534e-01
308.6         	7.948534e-01
308.8         	7.948534e-01
309           	7.948521e-01
309.2         	7.948521e-01
309.4         	7.948521e-01
309.6         	7.948521e-01
309.8         	7.948521e-01
310           	7.948508e-01
310.2         	7.948508e-01
310.4         	7.948508e-01
310.6         	7.948508e-01
310.8         	7.948508e-01
311           	7.948496e-01
311.2         	7.948496e-01
311.4         	7.948496e-01
311.6         	7.948496e-01
311.8         	7.948496e-01
312           	7.948484e-01
312.2         	7.948484e-01
312.4         	7.948484e-01
312.6         	7.948484e-01
312.8         	7.948484e-01
313           	7.948473e-01
313.2         	7.948473e-01
313.4         	7.948473e-01
313.6         	7.948473e-01
313.8         	7.948473e-01
314           	7.948462e-01
314.2         	7.948462e-01
314.4         	7.948462e-01
314.6         	7.948462e-01
314.8         	7.948462e-01
315           	7.948451e-01
315.2         	7.948451e-01
315.4         	7.948451e-01
315.6         	7.948451e-01
315.8         	7.948451e-01
316           	7.948441e-01
316.2         	7.948441e-01
316.4         	7.948441e-01
316.6         	7.948441e-01
316.8         	7.948441e-01
317           	7.948431e-01
317.2         	7.948431e-01
317.4         	7.948431e-01
317.6         	7.948431e-01
317.8         	7.948431e-01
318           	7.948421e-01
318.2         	7.948421e-01
318.4         	7.948421e-01
318.6         	7.948421e-01
318.8         	7.948421e-01
319           	7.948412e-01
319.2         	7.948412e-01
319.4         	7.948412e-01
319.6         	7.948412e-01
319.8         	7.948412e-01
320           	7.948403e-01
320.2         	7.948403e-01
320.4         	7.948403e-01
320.6         	7.948403e-01
320.8         	7.948403e-01
321           	7.948395e-01
321.2         	7.948395e-01
321.4         	7.948395e-01
321.6         	7.948395e-01
321.8         	7.948395e-01
322           	7.948386e-01
322.2         	7.948386e-01
322.4         	7.948386e-01
322.6         	7.948386e-01
322.8         	7.948386e-01
323           	7.948378e-01
323.2         	7.948378e-01
323.4         	7.948378e-01
323.6         	7.948378e-01
323.8         	7.948378e-01
324           	7.948371e-01
324.2         	7.948371e-01
324.4         	7.948371e-01
324.6         	7.948371e-01
324.8         	7.948371e-01
325           	7.948363e-01
325.2         	7.948363e-01
325.4         	7.948363e-01
325.6         	7.948363e-01
325.8         	7.948363e-01
326           	7.948356e-01
326.2         	7.948356e-01
326.4         	7.948356e-01
326.6         	7.948356e-01
326.8         	7.948356e-01
327           	7.948349e-01
327.2         	7.948349e-01
327.4         	7.948349e-01
327.6         	7.948349e-01
327.8         	7.948349e-01
328           	7.948342e-01
328.2         	7.948342e-01
328.4         	7.948342e-01
328.6         	7.948342e-01
328.8         	7.948342e-01
329           	7.948336e-01
329.2         	7.948336e-01
329.4         	7.948336e-01
329.6         	7.948336e-01
329.8         	7.948336e-01
330           	7.948329e-01
330.2         	7.948329e-01
330.4         	7.948329e-01
330.6         	7.948329e-01
330.8         	7.948329e-01
331           	7.948323e-01
331.2         	7.948323e-01
331.4         	7.948323e-01
331.6         	7.948323e-01
331.8         	7.948323e-01
332           	7.948317e-01
332.2         	7.948317e-01
332.4         	7.948317e-01
332.6         	7.948317e-01
332.8         	7.948317e-01
333           	7.948312e-01
333.2         	7.948312e-01
333.4         	7.948312e-01
333.6         	7.948312e-01
333.8         	7.948312e-01
334           	7.948306e-01
334.2         	7.948306e-01
334.4         	7.948306e-01
334.6         	7.948306e-01
334.8         	7.948306e-01
335           	7.948301e-01
335.2         	7.948301e-01
335.4         	7.948301e-01
335.6         	7.948301e-01
335.8         	7.948301e-01
336           	7.948296e-01
336.2         	7.948296e-01
336.4         	7.948296e-01
336.6         	7.948296e-01
336.8         	7.948296e-01
337           	7.948291e-01
337.2         	7.948291e-01
337.4         	7.948291e-01
337.6         	7.948291e-01
337.8         	7.948291e-01
338           	7.948286e-01
338.2         	7.948286e-01
338.4         	7.948286e-01
338.6         	7.948286e-01
338.8         	7.948286e-01
339           	7.948281e-01
