"UMean:0" "UMean:1" "UMean:2" "arc_length" "Points:0" "Points:1" "Points:2"
0.99998 -3.6541e-05 9.6247e-05 0.039989 -19.953 0 1.57
0.99996 -7.5375e-05 0.00019853 0.079979 -19.913 0 1.57
0.99996 4.7325e-06 0.0001216 0.11997 -19.873 0 1.57
0.99996 9.0326e-05 3.6403e-05 0.15996 -19.833 0 1.57
0.99997 0.00015585 -0.00014846 0.19995 -19.793 0 1.57
0.99997 0.00022393 -0.00033507 0.23994 -19.753 0 1.57
0.99996 0.00035094 -0.00052109 0.27993 -19.713 0 1.57
0.99995 0.00047795 -0.0007071 0.31992 -19.673 0 1.57
0.99994 0.00060495 -0.0008931 0.35991 -19.633 0 1.57
0.99993 0.00073195 -0.0010791 0.3999 -19.593 0 1.57
0.99992 0.00085896 -0.0012651 0.43989 -19.553 0 1.57
0.99991 0.00098597 -0.0014511 0.47988 -19.513 0 1.57
0.99989 0.0011978 -0.0017139 0.51987 -19.473 0 1.57
0.99987 0.0012721 -0.0017897 0.55986 -19.433 0 1.57
0.99985 0.001153 -0.0015863 0.59985 -19.393 0 1.57
0.99984 0.0010136 -0.0013867 0.63984 -19.353 0 1.57
0.99982 0.00087421 -0.0011871 0.67983 -19.313 0 1.57
0.99981 0.0007348 -0.00098755 0.71982 -19.273 0 1.57
0.99979 0.0005954 -0.00078798 0.75981 -19.233 0 1.57
0.99978 0.00045081 -0.00057806 0.7998 -19.193 0 1.57
0.99976 0.00030345 -0.00036263 0.83979 -19.153 0 1.57
0.99975 0.00015609 -0.0001472 0.87978 -19.113 0 1.57
0.99973 8.7403e-06 6.8219e-05 0.91977 -19.073 0 1.57
0.99978 4.7472e-05 0.00010382 0.95976 -19.033 0 1.57
0.99983 9.4943e-05 0.00013099 0.99975 -18.993 0 1.57
0.99982 4.1534e-05 0.00022047 1.0397 -18.953 0 1.57
0.9998 -2.3295e-05 0.00031798 1.0797 -18.913 0 1.57
0.99978 -8.8123e-05 0.00041548 1.1197 -18.873 0 1.57
0.99977 -0.00015295 0.00051299 1.1597 -18.833 0 1.57
0.99975 -0.00021778 0.00061049 1.1997 -18.793 0 1.57
0.99974 -0.00028261 0.000708 1.2397 -18.753 0 1.57
0.99972 -0.00034744 0.00080551 1.2797 -18.713 0 1.57
0.9997 -0.00041227 0.00090302 1.3197 -18.673 0 1.57
0.99969 -0.0004771 0.0010005 1.3597 -18.633 0 1.57
0.99967 -0.00054193 0.001098 1.3996 -18.593 0 1.57
0.99966 -0.00059444 0.0011717 1.4396 -18.553 0 1.57
0.99966 -0.00058331 0.001122 1.4796 -18.514 0 1.57
0.99966 -0.00057218 0.0010724 1.5196 -18.474 0 1.57
0.99966 -0.00056105 0.0010227 1.5596 -18.434 0 1.57
0.99966 -0.00054992 0.0009731 1.5996 -18.394 0 1.57
0.99967 -0.00053879 0.00092346 1.6396 -18.354 0 1.57
0.99967 -0.00052766 0.00087382 1.6796 -18.314 0 1.57
0.99967 -0.00051653 0.00082418 1.7196 -18.274 0 1.57
0.99967 -0.0005054 0.00077454 1.7596 -18.234 0 1.57
0.99967 -0.00049428 0.0007249 1.7995 -18.194 0 1.57
0.99967 -0.00048315 0.00067526 1.8395 -18.154 0 1.57
0.99967 -0.00047202 0.00062562 1.8795 -18.114 0 1.57
0.99968 -0.00046089 0.00057598 1.9195 -18.074 0 1.57
0.99968 -0.00044976 0.00052634 1.9595 -18.034 0 1.57
0.99968 -0.00043863 0.0004767 1.9995 -17.994 0 1.57
0.99968 -0.0004275 0.00042706 2.0395 -17.954 0 1.57
0.99969 -0.00041746 0.0003747 2.0795 -17.914 0 1.57
0.99972 -0.0004132 0.0003079 2.1195 -17.874 0 1.57
0.99975 -0.00040893 0.00024109 2.1595 -17.834 0 1.57
0.99978 -0.00040467 0.00017429 2.1994 -17.794 0 1.57
0.99982 -0.00040041 0.00010748 2.2394 -17.754 0 1.57
0.99985 -0.00039615 4.0677e-05 2.2794 -17.714 0 1.57
0.99988 -0.00039189 -2.6131e-05 2.3194 -17.674 0 1.57
0.99991 -0.00038763 -9.2935e-05 2.3594 -17.634 0 1.57
0.99994 -0.00038091 -0.00015337 2.3994 -17.594 0 1.57
0.99993 -0.00036093 -0.0001794 2.4394 -17.554 0 1.57
0.99993 -0.00034095 -0.00020543 2.4794 -17.514 0 1.57
0.99993 -0.00032098 -0.00023145 2.5194 -17.474 0 1.57
0.99992 -0.000301 -0.00025748 2.5594 -17.434 0 1.57
0.99992 -0.00028102 -0.00028351 2.5993 -17.394 0 1.57
0.99991 -0.00026104 -0.00030954 2.6393 -17.354 0 1.57
0.99991 -0.00024106 -0.00033556 2.6793 -17.314 0 1.57
0.99991 -0.00022192 -0.00035802 2.7193 -17.274 0 1.57
0.99989 -0.00020733 -0.00036088 2.7593 -17.234 0 1.57
0.99988 -0.00019275 -0.00036375 2.7993 -17.194 0 1.57
0.99986 -0.00017816 -0.00036661 2.8393 -17.154 0 1.57
0.99985 -0.00016358 -0.00036947 2.8793 -17.114 0 1.57
0.99983 -0.00014899 -0.00037234 2.9193 -17.074 0 1.57
0.99982 -0.00013441 -0.0003752 2.9593 -17.034 0 1.57
0.99981 -0.00011982 -0.00037806 2.9992 -16.994 0 1.57
0.99979 -0.00010663 -0.00037956 3.0392 -16.954 0 1.57
0.99978 -0.00010119 -0.00037346 3.0792 -16.914 0 1.57
0.99977 -9.5749e-05 -0.00036735 3.1192 -16.874 0 1.57
0.99975 -9.0308e-05 -0.00036125 3.1592 -16.834 0 1.57
0.99974 -8.4868e-05 -0.00035514 3.1992 -16.794 0 1.57
0.99973 -7.9427e-05 -0.00034904 3.2392 -16.754 0 1.57
0.99971 -7.3986e-05 -0.00034293 3.2792 -16.714 0 1.57
0.9997 -6.8545e-05 -0.00033683 3.3192 -16.674 0 1.57
0.99969 -6.3836e-05 -0.00033078 3.3591 -16.634 0 1.57
0.99968 -6.3275e-05 -0.00032502 3.3991 -16.594 0 1.57
0.99967 -6.2714e-05 -0.00031927 3.4391 -16.554 0 1.57
0.99966 -6.2152e-05 -0.00031352 3.4791 -16.514 0 1.57
0.99965 -6.1591e-05 -0.00030777 3.5191 -16.474 0 1.57
0.99964 -6.103e-05 -0.00030202 3.5591 -16.434 0 1.57
0.99963 -6.0469e-05 -0.00029627 3.5991 -16.394 0 1.57
0.99962 -5.9907e-05 -0.00029051 3.6391 -16.354 0 1.57
0.99961 -5.9623e-05 -0.00028542 3.6791 -16.314 0 1.57
0.9996 -6.0935e-05 -0.00028413 3.7191 -16.274 0 1.57
0.99959 -6.2246e-05 -0.00028284 3.759 -16.234 0 1.57
0.99959 -6.3557e-05 -0.00028155 3.799 -16.194 0 1.57
0.99958 -6.4868e-05 -0.00028027 3.839 -16.154 0 1.57
0.99957 -6.6179e-05 -0.00027898 3.879 -16.114 0 1.57
0.99957 -6.7491e-05 -0.00027769 3.919 -16.074 0 1.57
0.99956 -6.8802e-05 -0.0002764 3.959 -16.034 0 1.57
0.99955 -6.9986e-05 -0.00027542 3.999 -15.994 0 1.57
0.99955 -7.0429e-05 -0.00027624 4.039 -15.954 0 1.57
0.99954 -7.0871e-05 -0.00027706 4.079 -15.914 0 1.57
0.99953 -7.1314e-05 -0.00027788 4.119 -15.874 0 1.57
0.99952 -7.1756e-05 -0.00027871 4.1589 -15.834 0 1.57
0.99951 -7.2199e-05 -0.00027953 4.1989 -15.794 0 1.57
0.99951 -7.2641e-05 -0.00028035 4.2389 -15.754 0 1.57
0.9995 -7.3084e-05 -0.00028117 4.2789 -15.714 0 1.57
0.99949 -7.3589e-05 -0.00028198 4.3189 -15.674 0 1.57
0.99948 -7.447e-05 -0.0002827 4.3589 -15.634 0 1.57
0.99947 -7.535e-05 -0.00028342 4.3989 -15.594 0 1.57
0.99946 -7.6231e-05 -0.00028414 4.4389 -15.554 0 1.57
0.99945 -7.7111e-05 -0.00028486 4.4789 -15.514 0 1.57
0.99945 -7.7992e-05 -0.00028559 4.5189 -15.474 0 1.57
0.99944 -7.8872e-05 -0.00028631 4.5588 -15.434 0 1.57
0.99943 -7.9753e-05 -0.00028703 4.5988 -15.394 0 1.57
0.99942 -8.0472e-05 -0.00028767 4.6388 -15.354 0 1.57
0.99941 -8.0217e-05 -0.00028783 4.6788 -15.314 0 1.57
0.99939 -7.9962e-05 -0.00028799 4.7188 -15.274 0 1.57
0.99938 -7.9707e-05 -0.00028816 4.7588 -15.234 0 1.57
0.99937 -7.9453e-05 -0.00028832 4.7988 -15.194 0 1.57
0.99936 -7.9198e-05 -0.00028848 4.8388 -15.154 0 1.57
0.99935 -7.8943e-05 -0.00028864 4.8788 -15.114 0 1.57
0.99933 -7.8688e-05 -0.00028881 4.9188 -15.074 0 1.57
0.99932 -7.8557e-05 -0.00028878 4.9587 -15.034 0 1.57
0.99931 -7.9188e-05 -0.00028756 4.9987 -14.994 0 1.57
0.9993 -7.9818e-05 -0.00028634 5.0387 -14.954 0 1.57
0.99929 -8.0449e-05 -0.00028512 5.0787 -14.914 0 1.57
0.99927 -8.1079e-05 -0.0002839 5.1187 -14.874 0 1.57
0.99926 -8.171e-05 -0.00028269 5.1587 -14.834 0 1.57
0.99925 -8.234e-05 -0.00028147 5.1987 -14.794 0 1.57
0.99924 -8.2971e-05 -0.00028025 5.2387 -14.754 0 1.57
0.99923 -8.3413e-05 -0.00027904 5.2787 -14.714 0 1.57
0.99921 -8.2685e-05 -0.00027785 5.3187 -14.674 0 1.57
0.9992 -8.1956e-05 -0.00027667 5.3586 -14.634 0 1.57
0.99918 -8.1227e-05 -0.00027549 5.3986 -14.594 0 1.57
0.99917 -8.0498e-05 -0.0002743 5.4386 -14.555 0 1.57
0.99915 -7.9769e-05 -0.00027312 5.4786 -14.515 0 1.57
0.99914 -7.904e-05 -0.00027194 5.5186 -14.475 0 1.57
0.99912 -7.8311e-05 -0.00027075 5.5586 -14.435 0 1.57
0.99911 -7.7809e-05 -0.00026948 5.5986 -14.395 0 1.57
0.9991 -7.8752e-05 -0.00026763 5.6386 -14.355 0 1.57
0.99908 -7.9695e-05 -0.00026578 5.6786 -14.315 0 1.57
0.99907 -8.0637e-05 -0.00026393 5.7186 -14.275 0 1.57
0.99906 -8.158e-05 -0.00026208 5.7585 -14.235 0 1.57
0.99904 -8.2522e-05 -0.00026023 5.7985 -14.195 0 1.57
0.99903 -8.3465e-05 -0.00025838 5.8385 -14.155 0 1.57
0.99902 -8.4408e-05 -0.00025653 5.8785 -14.115 0 1.57
0.999 -8.5165e-05 -0.00025464 5.9185 -14.075 0 1.57
0.99899 -8.4723e-05 -0.00025248 5.9585 -14.035 0 1.57
0.99897 -8.4281e-05 -0.00025031 5.9985 -13.995 0 1.57
0.99895 -8.3839e-05 -0.00024815 6.0385 -13.955 0 1.57
0.99894 -8.3397e-05 -0.00024599 6.0785 -13.915 0 1.57
0.99892 -8.2955e-05 -0.00024383 6.1185 -13.875 0 1.57
0.9989 -8.2513e-05 -0.00024167 6.1584 -13.835 0 1.57
0.99889 -8.2071e-05 -0.00023951 6.1984 -13.795 0 1.57
0.99887 -8.1876e-05 -0.0002373 6.2384 -13.755 0 1.57
0.99886 -8.3303e-05 -0.0002348 6.2784 -13.715 0 1.57
0.99884 -8.473e-05 -0.00023229 6.3184 -13.675 0 1.57
0.99883 -8.6157e-05 -0.00022979 6.3584 -13.635 0 1.57
0.99881 -8.7584e-05 -0.00022729 6.3984 -13.595 0 1.57
0.9988 -8.9012e-05 -0.00022478 6.4384 -13.555 0 1.57
0.99878 -9.0439e-05 -0.00022228 6.4784 -13.515 0 1.57
0.99876 -9.1866e-05 -0.00021977 6.5184 -13.475 0 1.57
0.99875 -9.3091e-05 -0.00021734 6.5583 -13.435 0 1.57
0.99873 -9.2961e-05 -0.00021535 6.5983 -13.395 0 1.57
0.99871 -9.2831e-05 -0.00021336 6.6383 -13.355 0 1.57
0.99869 -9.27e-05 -0.00021137 6.6783 -13.315 0 1.57
0.99867 -9.257e-05 -0.00020939 6.7183 -13.275 0 1.57
0.99865 -9.244e-05 -0.0002074 6.7583 -13.235 0 1.57
0.99863 -9.231e-05 -0.00020541 6.7983 -13.195 0 1.57
0.99861 -9.218e-05 -0.00020342 6.8383 -13.155 0 1.57
0.99859 -9.2358e-05 -0.00020143 6.8783 -13.115 0 1.57
0.99857 -9.4644e-05 -0.00019944 6.9183 -13.075 0 1.57
0.99855 -9.693e-05 -0.00019745 6.9582 -13.035 0 1.57
0.99853 -9.9217e-05 -0.00019545 6.9982 -12.995 0 1.57
0.99851 -0.0001015 -0.00019346 7.0382 -12.955 0 1.57
0.9985 -0.00010379 -0.00019146 7.0782 -12.915 0 1.57
0.99848 -0.00010607 -0.00018947 7.1182 -12.875 0 1.57
0.99846 -0.00010836 -0.00018747 7.1582 -12.835 0 1.57
0.99844 -0.0001104 -0.00018554 7.1982 -12.795 0 1.57
0.99841 -0.00011071 -0.00018407 7.2382 -12.755 0 1.57
0.99839 -0.00011102 -0.0001826 7.2782 -12.715 0 1.57
0.99836 -0.00011133 -0.00018112 7.3181 -12.675 0 1.57
0.99834 -0.00011164 -0.00017965 7.3581 -12.635 0 1.57
0.99832 -0.00011195 -0.00017817 7.3981 -12.595 0 1.57
0.99829 -0.00011226 -0.0001767 7.4381 -12.555 0 1.57
0.99827 -0.00011257 -0.00017522 7.4781 -12.515 0 1.57
0.99824 -0.00011321 -0.00017389 7.5181 -12.475 0 1.57
0.99822 -0.00011623 -0.0001735 7.5581 -12.435 0 1.57
0.9982 -0.00011925 -0.00017312 7.5981 -12.395 0 1.57
0.99817 -0.00012226 -0.00017274 7.6381 -12.355 0 1.57
0.99815 -0.00012528 -0.00017236 7.6781 -12.315 0 1.57
0.99813 -0.00012829 -0.00017198 7.718 -12.275 0 1.57
0.9981 -0.00013131 -0.0001716 7.758 -12.235 0 1.57
0.99808 -0.00013433 -0.00017122 7.798 -12.195 0 1.57
0.99806 -0.000137 -0.00017077 7.838 -12.155 0 1.57
0.99803 -0.00013722 -0.00016976 7.878 -12.115 0 1.57
0.998 -0.00013743 -0.00016876 7.918 -12.075 0 1.57
0.99797 -0.00013765 -0.00016775 7.958 -12.035 0 1.57
0.99794 -0.00013786 -0.00016675 7.998 -11.995 0 1.57
0.99791 -0.00013808 -0.00016575 8.038 -11.955 0 1.57
0.99789 -0.0001383 -0.00016474 8.078 -11.915 0 1.57
0.99786 -0.00013851 -0.00016374 8.1179 -11.875 0 1.57
0.99783 -0.00013909 -0.00016265 8.1579 -11.835 0 1.57
0.9978 -0.00014237 -0.0001609 8.1979 -11.795 0 1.57
0.99777 -0.00014565 -0.00015915 8.2379 -11.755 0 1.57
0.99775 -0.00014893 -0.0001574 8.2779 -11.715 0 1.57
0.99772 -0.00015221 -0.00015565 8.3179 -11.675 0 1.57
0.99769 -0.00015549 -0.0001539 8.3579 -11.635 0 1.57
0.99766 -0.00015877 -0.00015215 8.3979 -11.595 0 1.57
0.99764 -0.00016205 -0.0001504 8.4379 -11.555 0 1.57
0.99761 -0.00016497 -0.00014876 8.4779 -11.515 0 1.57
0.99757 -0.00016516 -0.00014795 8.5178 -11.475 0 1.57
0.99754 -0.00016536 -0.00014713 8.5578 -11.435 0 1.57
0.9975 -0.00016556 -0.00014632 8.5978 -11.395 0 1.57
0.99747 -0.00016576 -0.00014551 8.6378 -11.355 0 1.57
0.99744 -0.00016596 -0.00014469 8.6778 -11.315 0 1.57
0.9974 -0.00016615 -0.00014388 8.7178 -11.275 0 1.57
0.99737 -0.00016635 -0.00014306 8.7578 -11.235 0 1.57
0.99733 -0.00016695 -0.00014222 8.7978 -11.195 0 1.57
0.9973 -0.00017059 -0.00014116 8.8378 -11.155 0 1.57
0.99727 -0.00017424 -0.0001401 8.8778 -11.115 0 1.57
0.99723 -0.00017788 -0.00013904 8.9177 -11.075 0 1.57
0.9972 -0.00018152 -0.00013798 8.9577 -11.035 0 1.57
0.99716 -0.00018517 -0.00013692 8.9977 -10.995 0 1.57
0.99713 -0.00018881 -0.00013586 9.0377 -10.955 0 1.57
0.9971 -0.00019246 -0.0001348 9.0777 -10.915 0 1.57
0.99706 -0.00019566 -0.00013397 9.1177 -10.875 0 1.57
0.99702 -0.00019543 -0.000135 9.1577 -10.835 0 1.57
0.99698 -0.00019521 -0.00013602 9.1977 -10.795 0 1.57
0.99694 -0.00019498 -0.00013704 9.2377 -10.755 0 1.57
0.9969 -0.00019476 -0.00013806 9.2777 -10.715 0 1.57
0.99685 -0.00019453 -0.00013908 9.3176 -10.675 0 1.57
0.99681 -0.00019431 -0.0001401 9.3576 -10.636 0 1.57
0.99677 -0.00019408 -0.00014112 9.3976 -10.596 0 1.57
0.99673 -0.0001943 -0.00014203 9.4376 -10.556 0 1.57
0.99669 -0.00019807 -0.00014209 9.4776 -10.516 0 1.57
0.99665 -0.00020184 -0.00014215 9.5176 -10.476 0 1.57
0.99661 -0.00020561 -0.00014221 9.5576 -10.436 0 1.57
0.99657 -0.00020938 -0.00014227 9.5976 -10.396 0 1.57
0.99653 -0.00021315 -0.00014233 9.6376 -10.356 0 1.57
0.99649 -0.00021692 -0.00014239 9.6776 -10.316 0 1.57
0.99644 -0.00022069 -0.00014245 9.7175 -10.276 0 1.57
0.9964 -0.00022391 -0.00014268 9.7575 -10.236 0 1.57
0.99636 -0.00022268 -0.00014431 9.7975 -10.196 0 1.57
0.99631 -0.00022144 -0.00014594 9.8375 -10.156 0 1.57
0.99626 -0.00022021 -0.00014757 9.8775 -10.116 0 1.57
0.99621 -0.00021898 -0.0001492 9.9175 -10.076 0 1.57
0.99616 -0.00021774 -0.00015083 9.9575 -10.036 0 1.57
0.99612 -0.00021651 -0.00015246 9.9975 -9.9957 0 1.57
0.99607 -0.00021528 -0.00015409 10.037 -9.9557 0 1.57
0.99602 -0.00021454 -0.00015539 10.077 -9.9157 0 1.57
0.99597 -0.00021792 -0.00015394 10.117 -9.8757 0 1.57
0.99592 -0.00022131 -0.00015249 10.157 -9.8357 0 1.57
0.99588 -0.00022469 -0.00015103 10.197 -9.7957 0 1.57
0.99583 -0.00022807 -0.00014958 10.237 -9.7557 0 1.57
0.99578 -0.00023145 -0.00014813 10.277 -9.7157 0 1.57
0.99574 -0.00023483 -0.00014668 10.317 -9.6757 0 1.57
0.99569 -0.00023822 -0.00014522 10.357 -9.6358 0 1.57
0.99564 -0.00024113 -0.00014399 10.397 -9.5958 0 1.57
0.99558 -0.00024004 -0.00014464 10.437 -9.5558 0 1.57
0.99553 -0.00023896 -0.00014529 10.477 -9.5158 0 1.57
0.99547 -0.00023788 -0.00014594 10.517 -9.4758 0 1.57
0.99541 -0.0002368 -0.00014659 10.557 -9.4358 0 1.57
0.99536 -0.00023571 -0.00014723 10.597 -9.3958 0 1.57
0.9953 -0.00023463 -0.00014788 10.637 -9.3558 0 1.57
0.99524 -0.00023355 -0.00014853 10.677 -9.3158 0 1.57
0.99519 -0.00023291 -0.00014911 10.717 -9.2758 0 1.57
0.99513 -0.00023614 -0.00014904 10.757 -9.2359 0 1.57
0.99507 -0.00023938 -0.00014898 10.797 -9.1959 0 1.57
0.99501 -0.00024261 -0.00014892 10.837 -9.1559 0 1.57
0.99495 -0.00024585 -0.00014886 10.877 -9.1159 0 1.57
0.99489 -0.00024908 -0.0001488 10.917 -9.0759 0 1.57
0.99483 -0.00025231 -0.00014874 10.957 -9.0359 0 1.57
0.99477 -0.00025555 -0.00014868 10.997 -8.9959 0 1.57
0.99471 -0.00025851 -0.00014871 11.037 -8.9559 0 1.57
0.99464 -0.0002591 -0.00014955 11.077 -8.9159 0 1.57
0.99458 -0.00025968 -0.00015039 11.117 -8.8759 0 1.57
0.99451 -0.00026026 -0.00015123 11.157 -8.836 0 1.57
0.99444 -0.00026084 -0.00015207 11.197 -8.796 0 1.57
0.99437 -0.00026142 -0.00015292 11.237 -8.756 0 1.57
0.9943 -0.000262 -0.00015376 11.277 -8.716 0 1.57
0.99423 -0.00026258 -0.0001546 11.317 -8.676 0 1.57
0.99416 -0.00026346 -0.00015561 11.357 -8.636 0 1.57
0.99409 -0.00026699 -0.00015814 11.397 -8.596 0 1.57
0.99402 -0.00027053 -0.00016066 11.437 -8.556 0 1.57
0.99394 -0.00027406 -0.00016319 11.477 -8.516 0 1.57
0.99387 -0.0002776 -0.00016572 11.517 -8.476 0 1.57
0.9938 -0.00028113 -0.00016824 11.557 -8.4361 0 1.57
0.99372 -0.00028467 -0.00017077 11.597 -8.3961 0 1.57
0.99365 -0.0002882 -0.0001733 11.637 -8.3561 0 1.57
0.99357 -0.00028993 -0.00017476 11.677 -8.3161 0 1.57
0.99345 -0.00027484 -0.00016631 11.717 -8.2761 0 1.57
0.99333 -0.00025976 -0.00015787 11.757 -8.2361 0 1.57
0.99321 -0.00024468 -0.00014942 11.797 -8.1961 0 1.57
0.99309 -0.0002296 -0.00014098 11.837 -8.1561 0 1.57
0.99297 -0.00021452 -0.00013253 11.877 -8.1161 0 1.57
0.99285 -0.00019943 -0.00012409 11.917 -8.0761 0 1.57
0.99272 -0.00018435 -0.00011564 11.957 -8.0362 0 1.57
0.99261 -0.00016934 -0.00010827 11.997 -7.9962 0 1.57
0.99258 -0.00015499 -0.00011105 12.037 -7.9562 0 1.57
0.99255 -0.00014064 -0.00011382 12.077 -7.9162 0 1.57
0.99252 -0.00012629 -0.0001166 12.117 -7.8762 0 1.57
0.99248 -0.00011194 -0.00011938 12.157 -7.8362 0 1.57
0.99245 -9.7593e-05 -0.00012215 12.197 -7.7962 0 1.57
0.99242 -8.3244e-05 -0.00012493 12.237 -7.7562 0 1.57
0.99239 -6.8895e-05 -0.00012771 12.277 -7.7162 0 1.57
0.99235 -5.5131e-05 -0.00012559 12.317 -7.6762 0 1.57
0.99229 -4.7046e-05 -7.5951e-05 12.357 -7.6363 0 1.57
0.99224 -3.8962e-05 -2.6317e-05 12.397 -7.5963 0 1.57
0.99218 -3.0877e-05 2.3318e-05 12.437 -7.5563 0 1.57
0.99211 -2.036e-05 6.7552e-05 12.477 -7.5163 0 1.57
0.99201 1.4058e-05 5.8743e-05 12.517 -7.4763 0 1.57
0.99191 4.8476e-05 4.9933e-05 12.557 -7.4363 0 1.57
0.9918 8.2894e-05 4.1123e-05 12.597 -7.3963 0 1.57
0.9917 0.00011775 3.2324e-05 12.637 -7.3563 0 1.57
0.99156 0.00015698 2.3641e-05 12.677 -7.3163 0 1.57
0.99143 0.00019621 1.4958e-05 12.717 -7.2764 0 1.57
0.99129 0.00023543 6.2746e-06 12.757 -7.2364 0 1.57
0.99115 0.000273 -1.7682e-06 12.797 -7.1964 0 1.57
0.99101 0.00029384 -3.3673e-06 12.837 -7.1564 0 1.57
0.99087 0.00031468 -4.9664e-06 12.877 -7.1164 0 1.57
0.99073 0.00033553 -6.5654e-06 12.917 -7.0764 0 1.57
0.99059 0.00035585 -8.0355e-06 12.957 -7.0364 0 1.57
0.99044 0.00037085 -8.1912e-06 12.997 -6.9964 0 1.57
0.9903 0.00038585 -8.3469e-06 13.037 -6.9564 0 1.57
0.99015 0.00040085 -8.5026e-06 13.077 -6.9164 0 1.57
0.99001 0.00041435 -8.3556e-06 13.117 -6.8765 0 1.57
0.98987 0.00041234 -5.0846e-06 13.157 -6.8365 0 1.57
0.98973 0.00041033 -1.8137e-06 13.197 -6.7965 0 1.57
0.98959 0.00040832 1.4572e-06 13.237 -6.7565 0 1.57
0.98946 0.0004065 4.3173e-06 13.277 -6.7165 0 1.57
0.98931 0.00040666 2.8848e-06 13.317 -6.6765 0 1.57
0.98917 0.00040682 1.4523e-06 13.357 -6.6365 0 1.57
0.98902 0.00040698 1.9812e-08 13.397 -6.5965 0 1.57
0.98887 0.00040626 -1.0015e-06 13.437 -6.5565 0 1.57
0.98873 0.00039614 2.3302e-06 13.477 -6.5165 0 1.57
0.98859 0.00038602 5.6619e-06 13.517 -6.4766 0 1.57
0.98845 0.0003759 8.9936e-06 13.557 -6.4366 0 1.57
0.98831 0.00036669 1.1891e-05 13.597 -6.3966 0 1.57
0.98815 0.0003672 1.0138e-05 13.637 -6.3566 0 1.57
0.98799 0.00036771 8.3854e-06 13.677 -6.3166 0 1.57
0.98783 0.00036823 6.6323e-06 13.717 -6.2766 0 1.57
0.98767 0.00036786 5.25e-06 13.757 -6.2366 0 1.57
0.9875 0.00035797 7.8946e-06 13.797 -6.1966 0 1.57
0.98734 0.00034808 1.0539e-05 13.837 -6.1566 0 1.57
0.98718 0.00033819 1.3184e-05 13.876 -6.1166 0 1.57
0.98701 0.00032933 1.5472e-05 13.916 -6.0767 0 1.57
0.98683 0.00033181 1.3838e-05 13.956 -6.0367 0 1.57
0.98664 0.0003343 1.2205e-05 13.996 -5.9967 0 1.57
0.98646 0.00033678 1.0571e-05 14.036 -5.9567 0 1.57
0.98627 0.00033827 9.2776e-06 14.076 -5.9167 0 1.57
0.98608 0.00032863 1.1779e-05 14.116 -5.8767 0 1.57
0.98589 0.000319 1.428e-05 14.156 -5.8367 0 1.57
0.9857 0.00030936 1.6782e-05 14.196 -5.7967 0 1.57
0.98551 0.0003007 1.8935e-05 14.236 -5.7567 0 1.57
0.98529 0.00030305 1.7158e-05 14.276 -5.7167 0 1.57
0.98508 0.00030541 1.538e-05 14.316 -5.6768 0 1.57
0.98486 0.00030776 1.3602e-05 14.356 -5.6368 0 1.57
0.98464 0.00030901 1.2105e-05 14.396 -5.5968 0 1.57
0.98443 0.0002976 1.3822e-05 14.436 -5.5568 0 1.57
0.98421 0.00028619 1.554e-05 14.476 -5.5168 0 1.57
0.98399 0.00027477 1.7257e-05 14.516 -5.4768 0 1.57
0.98377 0.00026441 1.8728e-05 14.556 -5.4368 0 1.57
0.98352 0.00026622 1.7339e-05 14.596 -5.3968 0 1.57
0.98327 0.00026802 1.595e-05 14.636 -5.3568 0 1.57
0.98302 0.00026983 1.4561e-05 14.676 -5.3168 0 1.57
0.98277 0.00027048 1.3448e-05 14.716 -5.2769 0 1.57
0.98252 0.00025744 1.5586e-05 14.756 -5.2369 0 1.57
0.98226 0.0002444 1.7723e-05 14.796 -5.1969 0 1.57
0.98201 0.00023136 1.9861e-05 14.836 -5.1569 0 1.57
0.98175 0.0002194 2.1699e-05 14.876 -5.1169 0 1.57
0.98146 0.00022033 1.996e-05 14.916 -5.0769 0 1.57
0.98117 0.00022126 1.8222e-05 14.956 -5.0369 0 1.57
0.98088 0.00022218 1.6483e-05 14.996 -4.9969 0 1.57
0.98059 0.00022201 1.4959e-05 15.036 -4.9569 0 1.57
0.98029 0.00020847 1.6033e-05 15.076 -4.9169 0 1.57
0.97999 0.00019493 1.7106e-05 15.116 -4.877 0 1.57
0.97969 0.00018139 1.818e-05 15.156 -4.837 0 1.57
0.97938 0.00016888 1.9127e-05 15.196 -4.797 0 1.57
0.97904 0.00016897 1.8524e-05 15.236 -4.757 0 1.57
0.9787 0.00016906 1.7921e-05 15.276 -4.717 0 1.57
0.97836 0.00016915 1.7318e-05 15.316 -4.677 0 1.57
0.97802 0.00016816 1.671e-05 15.356 -4.637 0 1.57
0.97766 0.00015367 1.6048e-05 15.396 -4.597 0 1.57
0.9773 0.00013917 1.5385e-05 15.436 -4.557 0 1.57
0.97694 0.00012467 1.4723e-05 15.476 -4.517 0 1.57
0.97657 0.00011113 1.4123e-05 15.516 -4.4771 0 1.57
0.97617 0.00010969 1.4315e-05 15.556 -4.4371 0 1.57
0.97577 0.00010824 1.4506e-05 15.596 -4.3971 0 1.57
0.97536 0.0001068 1.4698e-05 15.636 -4.3571 0 1.57
0.97495 0.00010424 1.47e-05 15.676 -4.3171 0 1.57
0.97452 8.7351e-05 1.2265e-05 15.716 -4.2771 0 1.57
0.97408 7.0464e-05 9.8307e-06 15.756 -4.2371 0 1.57
0.97365 5.3577e-05 7.3959e-06 15.796 -4.1971 0 1.57
0.97321 3.7681e-05 5.3486e-06 15.836 -4.1571 0 1.57
0.97272 3.4716e-05 8.3581e-06 15.876 -4.1171 0 1.57
0.97223 3.1751e-05 1.1368e-05 15.916 -4.0772 0 1.57
0.97174 2.8786e-05 1.4377e-05 15.956 -4.0372 0 1.57
0.97125 2.459e-05 1.7042e-05 15.996 -3.9972 0 1.57
0.97071 4.0629e-06 1.514e-05 16.036 -3.9572 0 1.57
0.97018 -1.6464e-05 1.3238e-05 16.076 -3.9172 0 1.57
0.96964 -3.6991e-05 1.1337e-05 16.116 -3.8772 0 1.57
0.9691 -5.6513e-05 1.0205e-05 16.156 -3.8372 0 1.57
0.9685 -6.2491e-05 1.945e-05 16.196 -3.7972 0 1.57
0.9679 -6.8468e-05 2.8695e-05 16.236 -3.7572 0 1.57
0.9673 -7.4446e-05 3.7939e-05 16.276 -3.7173 0 1.57
0.96669 -8.1864e-05 4.6777e-05 16.316 -3.6773 0 1.57
0.96602 -0.00010899 5.0043e-05 16.356 -3.6373 0 1.57
0.96535 -0.00013611 5.3309e-05 16.396 -3.5973 0 1.57
0.96468 -0.00016324 5.6576e-05 16.436 -3.5573 0 1.57
0.96399 -0.00017899 6.2073e-05 16.476 -3.5173 0 1.57
0.96293 -3.6753e-05 9.8584e-05 16.516 -3.4773 0 1.57
0.96187 0.00010549 0.0001351 16.556 -3.4373 0 1.57
0.96082 0.00024773 0.00017161 16.596 -3.3973 0 1.57
0.95981 0.00037876 0.00020515 16.636 -3.3573 0 1.57
0.95955 0.00035131 0.00019681 16.676 -3.3174 0 1.57
0.95929 0.00032386 0.00018846 16.716 -3.2774 0 1.57
0.95903 0.00029641 0.00018012 16.756 -3.2374 0 1.57
0.95873 0.00025486 0.00018539 16.796 -3.1974 0 1.57
0.9578 1.0785e-05 0.00038635 16.836 -3.1574 0 1.57
0.95687 -0.00021629 0.00057339 16.876 -3.1174 0 1.57
0.95587 -0.00019706 0.00055883 16.916 -3.0774 0 1.57
0.95486 -0.00017745 0.00054506 16.956 -3.0374 0 1.57
0.95371 -0.00015232 0.00054285 16.996 -2.9974 0 1.57
0.95255 -0.00012845 0.00054118 17.036 -2.9574 0 1.57
0.95136 -0.00012318 0.0005475 17.076 -2.9175 0 1.57
0.95016 -0.00011804 0.00055434 17.116 -2.8775 0 1.57
0.9489 -0.00011496 0.00056878 17.156 -2.8375 0 1.57
0.94763 -0.00011281 0.00058261 17.196 -2.7975 0 1.57
0.94633 -0.00012469 0.00058743 17.236 -2.7575 0 1.57
0.94502 -0.00013682 0.00059213 17.276 -2.7175 0 1.57
0.94359 -0.00015266 0.0005951 17.316 -2.6775 0 1.57
0.94215 -0.00016915 0.00059741 17.356 -2.6375 0 1.57
0.94062 -0.00019551 0.00058985 17.396 -2.5975 0 1.57
0.93909 -0.00022166 0.00058262 17.436 -2.5575 0 1.57
0.93739 -0.00024467 0.00058052 17.476 -2.5176 0 1.57
0.93569 -0.00026806 0.00057804 17.516 -2.4776 0 1.57
0.93387 -0.00029749 0.00056969 17.556 -2.4376 0 1.57
0.93205 -0.00032638 0.00056195 17.596 -2.3976 0 1.57
0.93003 -0.00034686 0.00056374 17.636 -2.3576 0 1.57
0.92801 -0.00036801 0.00056496 17.676 -2.3176 0 1.57
0.92584 -0.00039993 0.00055703 17.716 -2.2776 0 1.57
0.92366 -0.00043141 0.0005497 17.756 -2.2376 0 1.57
0.92126 -0.0004559 0.00055207 17.795 -2.1976 0 1.57
0.91884 -0.00048129 0.0005538 17.835 -2.1576 0 1.57
0.91621 -0.00052108 0.00054518 17.875 -2.1177 0 1.57
0.91357 -0.00056028 0.00053719 17.915 -2.0777 0 1.57
0.91064 -0.0005898 0.00053937 17.955 -2.0377 0 1.57
0.9077 -0.00062041 0.0005409 17.995 -1.9977 0 1.57
0.90446 -0.00066908 0.00053169 18.035 -1.9577 0 1.57
0.9012 -0.0007169 0.00052304 18.075 -1.9177 0 1.57
0.89757 -0.00075078 0.00052377 18.115 -1.8777 0 1.57
0.89391 -0.00078619 0.00052379 18.155 -1.8377 0 1.57
0.88985 -0.00084723 0.00051192 18.195 -1.7977 0 1.57
0.88575 -0.00090722 0.0005004 18.235 -1.7577 0 1.57
0.88116 -0.00094976 0.00049491 18.275 -1.7178 0 1.57
0.87653 -0.00099451 0.00048826 18.315 -1.6778 0 1.57
0.87133 -0.0010769 0.00046192 18.355 -1.6378 0 1.57
0.86608 -0.0011583 0.00043517 18.395 -1.5978 0 1.57
0.86014 -0.0012237 0.00040143 18.435 -1.5578 0 1.57
0.85415 -0.0012931 0.00036492 18.475 -1.5178 0 1.57
0.84734 -0.0014318 0.00028035 18.515 -1.4778 0 1.57
0.84032 -0.0015308 0.00019659 18.555 -1.4378 0 1.57
0.82957 -0.00093297 0.00012684 18.595 -1.3978 0 1.57
0.81918 -0.0003948 7.0459e-05 18.635 -1.3578 0 1.57
0.81506 -0.00091257 0.00025072 18.675 -1.3179 0 1.57
0.81012 -0.0014269 0.00046853 18.715 -1.2779 0 1.57
0.79105 -0.0018704 0.0012885 18.755 -1.2379 0 1.57
0.77947 -0.002134 0.00085175 18.795 -1.1979 0 1.57
0.76707 -0.0023143 0.00037924 18.835 -1.1579 0 1.57
0.75313 -0.0024018 0.00026759 18.875 -1.1179 0 1.57
0.73769 -0.0025691 0.00012133 18.915 -1.0779 0 1.57
0.72035 -0.002717 0.00023307 18.955 -1.0379 0 1.57
0.70127 -0.0029547 0.00012608 18.995 -0.99794 0 1.57
0.6798 -0.0031497 0.0002978 19.035 -0.95795 0 1.57
0.65597 -0.003456 0.00015834 19.075 -0.91796 0 1.57
0.62854 -0.0036729 0.00036209 19.115 -0.87797 0 1.57
0.59179 -0.0031849 -0.00092055 19.155 -0.83798 0 1.57
0.56242 -0.020373 0.009228 19.195 -0.79799 0 1.57
0.52834 -0.0093967 0.0062048 19.235 -0.758 0 1.57
0.46741 -0.0027637 0.0021015 19.275 -0.71801 0 1.57
0.41762 -0.0045318 0.0028636 19.315 -0.67802 0 1.57
0.35727 -0.0049387 0.0025989 19.355 -0.63803 0 1.57
0.28167 -0.0049223 0.0010395 19.395 -0.59804 0 1.57
0.18595 -0.006883 -0.00015467 19.435 -0.55805 0 1.57
0.064006 -0.012339 0.017854 19.475 -0.51806 0 1.57
nan nan nan 19.515 -0.47807 0 1.57
nan nan nan 19.555 -0.43808 0 1.57
nan nan nan 19.595 -0.39809 0 1.57
nan nan nan 19.635 -0.3581 0 1.57
nan nan nan 19.675 -0.31811 0 1.57
nan nan nan 19.715 -0.27812 0 1.57
nan nan nan 19.755 -0.23813 0 1.57
nan nan nan 19.795 -0.19814 0 1.57
nan nan nan 19.835 -0.15815 0 1.57
nan nan nan 19.875 -0.11816 0 1.57
nan nan nan 19.915 -0.078172 0 1.57
nan nan nan 19.955 -0.038182 0 1.57
nan nan nan 19.995 0.0018082 0 1.57
nan nan nan 20.035 0.041798 0 1.57
nan nan nan 20.075 0.081788 0 1.57
nan nan nan 20.115 0.12178 0 1.57
nan nan nan 20.155 0.16177 0 1.57
nan nan nan 20.195 0.20176 0 1.57
nan nan nan 20.235 0.24175 0 1.57
nan nan nan 20.275 0.28174 0 1.57
nan nan nan 20.315 0.32173 0 1.57
nan nan nan 20.355 0.36172 0 1.57
nan nan nan 20.395 0.40171 0 1.57
nan nan nan 20.435 0.4417 0 1.57
nan nan nan 20.475 0.48169 0 1.57
-0.031537 0.017262 0.0078419 20.515 0.52168 0 1.57
-0.091892 0.0059456 0.0097444 20.555 0.56167 0 1.57
-0.13977 0.0060618 0.023333 20.595 0.60166 0 1.57
-0.1656 0.0024131 0.022997 20.635 0.64165 0 1.57
-0.17929 -0.001689 0.017778 20.675 0.68164 0 1.57
-0.19129 -0.0028736 0.021771 20.715 0.72163 0 1.57
-0.18555 0.00051892 0.03625 20.755 0.76162 0 1.57
-0.17449 0.0041418 0.028773 20.795 0.80161 0 1.57
-0.17146 0.0065415 0.022212 20.835 0.8416 0 1.57
-0.15089 0.0097651 0.0048026 20.875 0.88159 0 1.57
-0.13502 0.010093 -0.002647 20.915 0.92158 0 1.57
-0.11655 0.010017 -0.0063034 20.955 0.96157 0 1.57
-0.097085 0.0080343 -0.0094077 20.995 1.0016 0 1.57
-0.074286 0.013732 -0.013177 21.035 1.0415 0 1.57
-0.043296 0.018291 -0.017956 21.075 1.0815 0 1.57
-0.0070903 0.019581 -0.028922 21.115 1.1215 0 1.57
0.02864 0.019347 -0.035441 21.155 1.1615 0 1.57
0.061985 0.01605 -0.034084 21.195 1.2015 0 1.57
0.095502 0.024008 -0.033245 21.235 1.2415 0 1.57
0.16385 0.0279 -0.030751 21.275 1.2815 0 1.57
0.17517 0.029665 -0.03071 21.315 1.3215 0 1.57
0.18732 0.031615 -0.030639 21.355 1.3615 0 1.57
0.22117 0.038461 -0.029806 21.395 1.4015 0 1.57
0.25463 0.045139 -0.028936 21.435 1.4414 0 1.57
0.2776 0.047257 -0.027035 21.475 1.4814 0 1.57
0.30044 0.049257 -0.025167 21.515 1.5214 0 1.57
0.3195 0.048012 -0.024178 21.555 1.5614 0 1.57
0.33842 0.046789 -0.023158 21.595 1.6014 0 1.57
0.35343 0.046147 -0.021261 21.635 1.6414 0 1.57
0.36832 0.045494 -0.019367 21.675 1.6814 0 1.57
0.38018 0.044518 -0.017577 21.715 1.7214 0 1.57
0.392 0.043478 -0.015877 21.754 1.7614 0 1.57
0.40243 0.040606 -0.016737 21.794 1.8014 0 1.57
0.41285 0.037703 -0.017689 21.834 1.8413 0 1.57
0.42309 0.03389 -0.02128 21.874 1.8813 0 1.57
0.4333 0.030099 -0.024825 21.914 1.9213 0 1.57
0.44264 0.026958 -0.026995 21.954 1.9613 0 1.57
0.45196 0.023878 -0.029058 21.994 2.0013 0 1.57
0.46048 0.022632 -0.027893 22.034 2.0413 0 1.57
0.469 0.021463 -0.026706 22.074 2.0813 0 1.57
0.47756 0.022666 -0.024868 22.114 2.1213 0 1.57
0.4861 0.023875 -0.023087 22.154 2.1613 0 1.57
0.49438 0.025252 -0.023057 22.194 2.2013 0 1.57
0.5026 0.026562 -0.02309 22.234 2.2412 0 1.57
0.50883 0.025731 -0.025085 22.274 2.2812 0 1.57
0.515 0.024872 -0.027062 22.314 2.3212 0 1.57
0.51959 0.023085 -0.028464 22.354 2.3612 0 1.57
0.52418 0.021339 -0.029822 22.394 2.4012 0 1.57
0.52883 0.020919 -0.029744 22.434 2.4412 0 1.57
0.53349 0.020529 -0.029641 22.474 2.4812 0 1.57
0.53844 0.021162 -0.028737 22.514 2.5212 0 1.57
0.54337 0.02176 -0.027834 22.554 2.5612 0 1.57
0.54746 0.021159 -0.026978 22.594 2.6012 0 1.57
0.55155 0.020512 -0.026119 22.634 2.6411 0 1.57
0.55526 0.018273 -0.025168 22.674 2.6811 0 1.57
0.55897 0.016027 -0.024236 22.714 2.7211 0 1.57
0.56268 0.013582 -0.024015 22.754 2.7611 0 1.57
0.56641 0.011139 -0.023848 22.794 2.8011 0 1.57
0.57038 0.0087731 -0.02566 22.834 2.8411 0 1.57
0.57434 0.0063877 -0.027467 22.874 2.8811 0 1.57
0.57738 0.0033006 -0.029078 22.914 2.9211 0 1.57
0.58042 0.00026545 -0.030657 22.954 2.9611 0 1.57
0.58364 -0.00082969 -0.031052 22.994 3.001 0 1.57
0.58685 -0.0019264 -0.031399 23.034 3.041 0 1.57
0.58961 -0.0030823 -0.029962 23.074 3.081 0 1.57
0.59249 -0.0041635 -0.028533 23.114 3.121 0 1.57
0.60003 -0.0023458 -0.027383 23.154 3.161 0 1.57
0.60743 -0.00056003 -0.026259 23.194 3.201 0 1.57
0.60905 -3.6627e-05 -0.026147 23.234 3.241 0 1.57
0.61067 0.00048678 -0.026035 23.274 3.281 0 1.57
0.61229 0.0010102 -0.025923 23.314 3.321 0 1.57
0.61386 0.0015325 -0.025804 23.354 3.361 0 1.57
0.61342 0.0020098 -0.025381 23.394 3.4009 0 1.57
0.61298 0.0024871 -0.024957 23.434 3.4409 0 1.57
0.61253 0.0029644 -0.024534 23.474 3.4809 0 1.57
0.61211 0.0034402 -0.024116 23.514 3.5209 0 1.57
0.61259 0.0038496 -0.023925 23.554 3.5609 0 1.57
0.61307 0.004259 -0.023734 23.594 3.6009 0 1.57
0.61356 0.0046683 -0.023543 23.634 3.6409 0 1.57
0.61404 0.0050747 -0.023348 23.674 3.6809 0 1.57
0.61445 0.0053445 -0.022934 23.714 3.7209 0 1.57
0.61487 0.0056143 -0.022521 23.754 3.7609 0 1.57
0.61528 0.0058841 -0.022107 23.794 3.8008 0 1.57
0.61569 0.0061533 -0.0217 23.834 3.8408 0 1.57
0.6159 0.006394 -0.021603 23.874 3.8808 0 1.57
0.61611 0.0066346 -0.021505 23.914 3.9208 0 1.57
0.61632 0.0068753 -0.021407 23.954 3.9608 0 1.57
0.61654 0.0071117 -0.021315 23.994 4.0008 0 1.57
0.61751 0.007134 -0.02148 24.034 4.0408 0 1.57
0.61849 0.0071564 -0.021644 24.074 4.0808 0 1.57
0.61946 0.0071787 -0.021809 24.114 4.1208 0 1.57
0.62043 0.0071958 -0.021969 24.154 4.1608 0 1.57
0.62152 0.0069337 -0.02184 24.194 4.2007 0 1.57
0.6226 0.0066716 -0.021711 24.234 4.2407 0 1.57
0.62369 0.0064095 -0.021583 24.274 4.2807 0 1.57
0.62477 0.0061489 -0.021458 24.314 4.3207 0 1.57
0.62611 0.0059755 -0.021553 24.354 4.3607 0 1.57
0.62745 0.0058021 -0.021647 24.394 4.4007 0 1.57
0.62878 0.0056287 -0.021742 24.434 4.4407 0 1.57
0.63012 0.0054574 -0.021835 24.474 4.4807 0 1.57
0.63153 0.0054149 -0.021892 24.514 4.5207 0 1.57
0.63295 0.0053724 -0.02195 24.554 4.5607 0 1.57
0.63436 0.0053299 -0.022007 24.594 4.6006 0 1.57
0.63577 0.0052857 -0.02206 24.634 4.6406 0 1.57
0.63701 0.005139 -0.021906 24.674 4.6806 0 1.57
0.63824 0.0049922 -0.021752 24.714 4.7206 0 1.57
0.63947 0.0048454 -0.021598 24.754 4.7606 0 1.57
0.64071 0.0047 -0.021442 24.794 4.8006 0 1.57
0.64183 0.0046514 -0.021134 24.834 4.8406 0 1.57
0.64294 0.0046029 -0.020826 24.874 4.8806 0 1.57
0.64406 0.0045543 -0.020518 24.914 4.9206 0 1.57
0.64518 0.0045089 -0.02021 24.954 4.9606 0 1.57
0.64591 0.0046918 -0.019944 24.994 5.0005 0 1.57
0.64665 0.0048748 -0.019678 25.034 5.0405 0 1.57
0.64738 0.0050578 -0.019411 25.074 5.0805 0 1.57
0.64812 0.0052394 -0.019146 25.114 5.1205 0 1.57
0.64882 0.0053145 -0.018993 25.154 5.1605 0 1.57
0.64952 0.0053896 -0.018841 25.194 5.2005 0 1.57
0.65023 0.0054647 -0.018688 25.234 5.2405 0 1.57
0.65093 0.0055354 -0.018533 25.274 5.2805 0 1.57
0.65165 0.0052241 -0.018124 25.314 5.3205 0 1.57
0.65236 0.0049128 -0.017716 25.354 5.3605 0 1.57
0.65308 0.0046015 -0.017307 25.394 5.4004 0 1.57
0.6538 0.0042872 -0.016901 25.434 5.4404 0 1.57
0.65411 0.0036851 -0.016785 25.474 5.4804 0 1.57
0.65443 0.0030829 -0.016669 25.514 5.5204 0 1.57
0.65474 0.0024808 -0.016553 25.554 5.5604 0 1.57
0.65506 0.0018787 -0.016437 25.594 5.6004 0 1.57
0.65569 0.001284 -0.016267 25.634 5.6404 0 1.57
0.65632 0.00068926 -0.016098 25.674 5.6804 0 1.57
0.65695 9.4518e-05 -0.015929 25.713 5.7204 0 1.57
0.65757 -0.00049938 -0.01576 25.753 5.7604 0 1.57
0.6578 -0.0009953 -0.015607 25.793 5.8003 0 1.57
0.65803 -0.0014912 -0.015454 25.833 5.8403 0 1.57
0.65826 -0.0019871 -0.0153 25.873 5.8803 0 1.57
0.65849 -0.002482 -0.015148 25.913 5.9203 0 1.57
0.65933 -0.0028338 -0.015173 25.953 5.9603 0 1.57
0.66018 -0.0031857 -0.015198 25.993 6.0003 0 1.57
0.66102 -0.0035376 -0.015223 26.033 6.0403 0 1.57
0.66187 -0.0038879 -0.015246 26.073 6.0803 0 1.57
0.66271 -0.0039974 -0.014987 26.113 6.1203 0 1.57
0.66354 -0.004107 -0.014727 26.153 6.1603 0 1.57
0.66438 -0.0042165 -0.014468 26.193 6.2002 0 1.57
0.66522 -0.0043257 -0.01421 26.233 6.2402 0 1.57
0.66576 -0.0043679 -0.014225 26.273 6.2802 0 1.57
0.66629 -0.00441 -0.01424 26.313 6.3202 0 1.57
0.66683 -0.0044522 -0.014255 26.353 6.3602 0 1.57
0.66736 -0.0044954 -0.014269 26.393 6.4002 0 1.57
0.66788 -0.0047553 -0.013924 26.433 6.4402 0 1.57
0.6684 -0.0050152 -0.013579 26.473 6.4802 0 1.57
0.66892 -0.005275 -0.013235 26.513 6.5202 0 1.57
0.66943 -0.0055347 -0.012891 26.553 6.5601 0 1.57
0.66959 -0.0057373 -0.01267 26.593 6.6001 0 1.57
0.66975 -0.0059399 -0.012449 26.633 6.6401 0 1.57
0.66991 -0.0061425 -0.012228 26.673 6.6801 0 1.57
0.67007 -0.0063453 -0.012007 26.713 6.7201 0 1.57
0.67049 -0.0066349 -0.01192 26.753 6.7601 0 1.57
0.6709 -0.0069244 -0.011832 26.793 6.8001 0 1.57
0.67132 -0.007214 -0.011744 26.833 6.8401 0 1.57
0.67174 -0.0075038 -0.011657 26.873 6.8801 0 1.57
0.67217 -0.0079411 -0.011335 26.913 6.9201 0 1.57
0.67261 -0.0083785 -0.011013 26.953 6.96 0 1.57
0.67305 -0.0088159 -0.010691 26.993 7 0 1.57
0.67349 -0.0092533 -0.010369 27.033 7.04 0 1.57
0.6738 -0.0096063 -0.010306 27.073 7.08 0 1.57
0.67411 -0.0099594 -0.010244 27.113 7.12 0 1.57
0.67442 -0.010312 -0.010181 27.153 7.16 0 1.57
0.67474 -0.010666 -0.010118 27.193 7.2 0 1.57
0.67542 -0.010672 -0.0098988 27.233 7.24 0 1.57
0.67611 -0.010677 -0.0096791 27.273 7.28 0 1.57
0.67679 -0.010683 -0.0094593 27.313 7.32 0 1.57
0.67748 -0.010689 -0.0092396 27.353 7.3599 0 1.57
0.67759 -0.011315 -0.0086293 27.393 7.3999 0 1.57
0.6777 -0.011942 -0.0080184 27.433 7.4399 0 1.57
0.67781 -0.012569 -0.0074074 27.473 7.4799 0 1.57
0.67792 -0.013196 -0.0067965 27.513 7.5199 0 1.57
0.68144 -0.012774 -0.0070864 27.553 7.5599 0 1.57
0.68496 -0.01235 -0.0073788 27.593 7.5999 0 1.57
0.68849 -0.011925 -0.0076712 27.633 7.6399 0 1.57
0.69202 -0.011501 -0.0079636 27.673 7.6799 0 1.57
0.69271 -0.01121 -0.008124 27.713 7.7199 0 1.57
0.6934 -0.01092 -0.0082839 27.753 7.7598 0 1.57
0.69409 -0.010631 -0.0084439 27.793 7.7998 0 1.57
0.69478 -0.010341 -0.0086038 27.833 7.8398 0 1.57
0.69546 -0.010051 -0.0087637 27.873 7.8798 0 1.57
0.69615 -0.0097611 -0.0089237 27.913 7.9198 0 1.57
0.69684 -0.0094712 -0.0090836 27.953 7.9598 0 1.57
0.69752 -0.0091814 -0.0092435 27.993 7.9998 0 1.57
0.69712 -0.0091331 -0.0091719 28.033 8.0398 0 1.57
0.6967 -0.0090862 -0.0090989 28.073 8.0798 0 1.57
0.69629 -0.0090393 -0.0090259 28.113 8.1198 0 1.57
0.69588 -0.0089924 -0.0089529 28.153 8.1597 0 1.57
0.69546 -0.0089455 -0.0088799 28.193 8.1997 0 1.57
0.69505 -0.0088986 -0.0088069 28.233 8.2397 0 1.57
0.69464 -0.0088517 -0.0087339 28.273 8.2797 0 1.57
0.69423 -0.0088048 -0.0086609 28.313 8.3197 0 1.57
0.6945 -0.0086128 -0.0087284 28.353 8.3597 0 1.57
0.69479 -0.0084196 -0.008797 28.393 8.3997 0 1.57
0.69507 -0.0082264 -0.0088656 28.433 8.4397 0 1.57
0.69535 -0.0080333 -0.0089342 28.473 8.4797 0 1.57
0.69564 -0.0078401 -0.0090029 28.513 8.5197 0 1.57
0.69592 -0.0076469 -0.0090715 28.553 8.5596 0 1.57
0.69621 -0.0074538 -0.0091401 28.593 8.5996 0 1.57
0.69649 -0.0072606 -0.0092087 28.633 8.6396 0 1.57
0.69684 -0.0069963 -0.0092335 28.673 8.6796 0 1.57
0.69719 -0.0067313 -0.0092579 28.713 8.7196 0 1.57
0.69755 -0.0064663 -0.0092824 28.753 8.7596 0 1.57
0.6979 -0.0062014 -0.0093068 28.793 8.7996 0 1.57
0.69825 -0.0059364 -0.0093312 28.833 8.8396 0 1.57
0.69861 -0.0056714 -0.0093556 28.873 8.8796 0 1.57
0.69896 -0.0054064 -0.0093801 28.913 8.9196 0 1.57
0.69931 -0.0051414 -0.0094045 28.953 8.9595 0 1.57
0.69977 -0.004893 -0.009469 28.993 8.9995 0 1.57
0.70022 -0.0046449 -0.0095341 29.033 9.0395 0 1.57
0.70068 -0.0043967 -0.0095991 29.073 9.0795 0 1.57
0.70113 -0.0041486 -0.0096642 29.113 9.1195 0 1.57
0.70159 -0.0039004 -0.0097292 29.153 9.1595 0 1.57
0.70204 -0.0036523 -0.0097943 29.193 9.1995 0 1.57
0.7025 -0.0034041 -0.0098593 29.233 9.2395 0 1.57
0.70295 -0.003156 -0.0099243 29.273 9.2795 0 1.57
0.70347 -0.00298 -0.010055 29.313 9.3195 0 1.57
0.70399 -0.002805 -0.010186 29.353 9.3594 0 1.57
0.70451 -0.00263 -0.010317 29.393 9.3994 0 1.57
0.70503 -0.002455 -0.010449 29.433 9.4394 0 1.57
0.70555 -0.00228 -0.01058 29.473 9.4794 0 1.57
0.70607 -0.002105 -0.010711 29.513 9.5194 0 1.57
0.70659 -0.00193 -0.010843 29.553 9.5594 0 1.57
0.70711 -0.001755 -0.010974 29.593 9.5994 0 1.57
0.70768 -0.0016458 -0.011083 29.633 9.6394 0 1.57
0.70825 -0.0015375 -0.011191 29.672 9.6794 0 1.57
0.70882 -0.0014293 -0.011299 29.712 9.7193 0 1.57
0.70939 -0.0013211 -0.011407 29.752 9.7593 0 1.57
0.70996 -0.0012129 -0.011515 29.792 9.7993 0 1.57
0.71053 -0.0011047 -0.011624 29.832 9.8393 0 1.57
0.7111 -0.00099645 -0.011732 29.872 9.8793 0 1.57
0.71166 -0.00088824 -0.01184 29.912 9.9193 0 1.57
0.71224 -0.00091239 -0.011822 29.952 9.9593 0 1.57
0.71282 -0.00093896 -0.011802 29.992 9.9993 0 1.57
0.7134 -0.00096553 -0.011782 30.032 10.039 0 1.57
0.71398 -0.0009921 -0.011762 30.072 10.079 0 1.57
0.71456 -0.0010187 -0.011742 30.112 10.119 0 1.57
0.71514 -0.0010452 -0.011721 30.152 10.159 0 1.57
0.71572 -0.0010718 -0.011701 30.192 10.199 0 1.57
0.7163 -0.0010984 -0.011681 30.232 10.239 0 1.57
0.71678 -0.0012713 -0.011587 30.272 10.279 0 1.57
0.71726 -0.0014471 -0.011492 30.312 10.319 0 1.57
0.71774 -0.001623 -0.011397 30.352 10.359 0 1.57
0.71821 -0.0017988 -0.011301 30.392 10.399 0 1.57
0.71869 -0.0019747 -0.011206 30.432 10.439 0 1.57
0.71917 -0.0021505 -0.011111 30.472 10.479 0 1.57
0.71965 -0.0023264 -0.011016 30.512 10.519 0 1.57
0.72012 -0.0025022 -0.01092 30.552 10.559 0 1.57
0.72061 -0.0027109 -0.010836 30.592 10.599 0 1.57
0.72109 -0.0029203 -0.010751 30.632 10.639 0 1.57
0.72157 -0.0031298 -0.010667 30.672 10.679 0 1.57
0.72205 -0.0033392 -0.010582 30.712 10.719 0 1.57
0.72253 -0.0035486 -0.010498 30.752 10.759 0 1.57
0.72301 -0.003758 -0.010413 30.792 10.799 0 1.57
0.72349 -0.0039675 -0.010329 30.832 10.839 0 1.57
0.72397 -0.0041769 -0.010244 30.872 10.879 0 1.57
0.72432 -0.0044674 -0.010116 30.912 10.919 0 1.57
0.72467 -0.0047598 -0.0099873 30.952 10.959 0 1.57
0.72502 -0.0050523 -0.0098583 30.992 10.999 0 1.57
0.72537 -0.0053447 -0.0097292 31.032 11.039 0 1.57
0.72572 -0.0056372 -0.0096001 31.072 11.079 0 1.57
0.72607 -0.0059296 -0.009471 31.112 11.119 0 1.57
0.72642 -0.0062221 -0.0093419 31.152 11.159 0 1.57
0.72677 -0.0065146 -0.0092128 31.192 11.199 0 1.57
0.72699 -0.0067475 -0.0091278 31.232 11.239 0 1.57
0.72721 -0.0069788 -0.0090439 31.272 11.279 0 1.57
0.72742 -0.0072102 -0.00896 31.312 11.319 0 1.57
0.72764 -0.0074415 -0.0088761 31.352 11.359 0 1.57
0.72785 -0.0076728 -0.0087922 31.392 11.399 0 1.57
0.72807 -0.0079042 -0.0087084 31.432 11.439 0 1.57
0.72829 -0.0081355 -0.0086245 31.472 11.479 0 1.57
0.7285 -0.0083668 -0.0085406 31.512 11.519 0 1.57
0.72867 -0.0084355 -0.008476 31.552 11.559 0 1.57
0.72884 -0.0084995 -0.008412 31.592 11.599 0 1.57
0.72902 -0.0085634 -0.008348 31.632 11.639 0 1.57
0.72919 -0.0086274 -0.0082839 31.672 11.679 0 1.57
0.72936 -0.0086914 -0.0082199 31.712 11.719 0 1.57
0.72953 -0.0087553 -0.0081559 31.752 11.759 0 1.57
0.7297 -0.0088193 -0.0080918 31.792 11.799 0 1.57
0.72987 -0.0088833 -0.0080278 31.832 11.839 0 1.57
0.73005 -0.0089142 -0.0078941 31.872 11.879 0 1.57
0.73022 -0.0089442 -0.0077582 31.912 11.919 0 1.57
0.7304 -0.0089742 -0.0076223 31.952 11.959 0 1.57
0.73057 -0.0090042 -0.0074864 31.992 11.999 0 1.57
0.73075 -0.0090341 -0.0073505 32.032 12.039 0 1.57
0.73092 -0.0090641 -0.0072146 32.072 12.079 0 1.57
0.7311 -0.0090941 -0.0070787 32.112 12.119 0 1.57
0.73127 -0.009124 -0.0069428 32.152 12.159 0 1.57
0.7314 -0.0091087 -0.0068188 32.192 12.199 0 1.57
0.73152 -0.0090919 -0.0066951 32.232 12.239 0 1.57
0.73165 -0.0090751 -0.0065715 32.272 12.279 0 1.57
0.73178 -0.0090583 -0.0064478 32.312 12.319 0 1.57
0.7319 -0.0090415 -0.0063242 32.352 12.359 0 1.57
0.73203 -0.0090247 -0.0062005 32.392 12.399 0 1.57
0.73215 -0.009008 -0.0060768 32.432 12.439 0 1.57
0.73228 -0.0089912 -0.0059532 32.472 12.479 0 1.57
0.73256 -0.0088629 -0.0058515 32.512 12.519 0 1.57
0.73286 -0.0087307 -0.0057506 32.552 12.559 0 1.57
0.73315 -0.0085985 -0.0056497 32.592 12.599 0 1.57
0.73344 -0.0084663 -0.0055488 32.632 12.639 0 1.57
0.73373 -0.008334 -0.0054479 32.672 12.679 0 1.57
0.73402 -0.0082018 -0.005347 32.712 12.719 0 1.57
0.73431 -0.0080696 -0.005246 32.752 12.759 0 1.57
0.73461 -0.0079374 -0.0051451 32.792 12.799 0 1.57
0.73498 -0.0077995 -0.0050618 32.832 12.839 0 1.57
0.73536 -0.0076613 -0.0049792 32.872 12.879 0 1.57
0.73573 -0.0075231 -0.0048965 32.912 12.919 0 1.57
0.73611 -0.007385 -0.0048139 32.952 12.959 0 1.57
0.73649 -0.0072468 -0.0047312 32.992 12.999 0 1.57
0.73686 -0.0071086 -0.0046486 33.032 13.039 0 1.57
0.73724 -0.0069705 -0.0045659 33.072 13.078 0 1.57
0.73762 -0.0068323 -0.0044833 33.112 13.118 0 1.57
0.73805 -0.0066803 -0.0044321 33.152 13.158 0 1.57
0.73849 -0.0065278 -0.0043822 33.192 13.198 0 1.57
0.73893 -0.0063753 -0.0043324 33.232 13.238 0 1.57
0.73937 -0.0062228 -0.0042825 33.272 13.278 0 1.57
0.73981 -0.0060703 -0.0042326 33.312 13.318 0 1.57
0.74025 -0.0059178 -0.0041827 33.352 13.358 0 1.57
0.74069 -0.0057653 -0.0041328 33.392 13.398 0 1.57
0.74113 -0.0056128 -0.0040829 33.432 13.438 0 1.57
0.74158 -0.0056018 -0.0040346 33.472 13.478 0 1.57
0.74203 -0.0055966 -0.0039863 33.512 13.518 0 1.57
0.74248 -0.0055914 -0.003938 33.552 13.558 0 1.57
0.74293 -0.0055863 -0.0038897 33.592 13.598 0 1.57
0.74338 -0.0055811 -0.0038414 33.631 13.638 0 1.57
0.74384 -0.005576 -0.0037931 33.671 13.678 0 1.57
0.74429 -0.0055708 -0.0037448 33.711 13.718 0 1.57
0.74474 -0.0055656 -0.0036965 33.751 13.758 0 1.57
0.7452 -0.0055872 -0.0036808 33.791 13.798 0 1.57
0.74567 -0.00561 -0.0036664 33.831 13.838 0 1.57
0.74614 -0.0056328 -0.0036521 33.871 13.878 0 1.57
0.7466 -0.0056556 -0.0036378 33.911 13.918 0 1.57
0.74707 -0.0056784 -0.0036234 33.951 13.958 0 1.57
0.74753 -0.0057011 -0.0036091 33.991 13.998 0 1.57
0.748 -0.0057239 -0.0035948 34.031 14.038 0 1.57
0.74847 -0.0057467 -0.0035804 34.071 14.078 0 1.57
0.74897 -0.0058359 -0.0035508 34.111 14.118 0 1.57
0.74948 -0.0059282 -0.0035204 34.151 14.158 0 1.57
0.74999 -0.0060205 -0.00349 34.191 14.198 0 1.57
0.7505 -0.0061127 -0.0034596 34.231 14.238 0 1.57
0.75101 -0.006205 -0.0034293 34.271 14.278 0 1.57
0.75152 -0.0062973 -0.0033989 34.311 14.318 0 1.57
0.75203 -0.0063895 -0.0033685 34.351 14.358 0 1.57
0.75254 -0.0064818 -0.0033381 34.391 14.398 0 1.57
0.75311 -0.0067106 -0.0032202 34.431 14.438 0 1.57
0.75368 -0.0069461 -0.0030981 34.471 14.478 0 1.57
0.75425 -0.0071815 -0.0029759 34.511 14.518 0 1.57
0.75481 -0.007417 -0.0028537 34.551 14.558 0 1.57
0.75538 -0.0076524 -0.0027316 34.591 14.598 0 1.57
0.75595 -0.0078878 -0.0026094 34.631 14.638 0 1.57
0.75652 -0.0081233 -0.0024872 34.671 14.678 0 1.57
0.75709 -0.0083587 -0.0023651 34.711 14.718 0 1.57
0.75759 -0.0083851 -0.0023404 34.751 14.758 0 1.57
0.75808 -0.0084008 -0.0023206 34.791 14.798 0 1.57
0.75858 -0.0084166 -0.0023009 34.831 14.838 0 1.57
0.75907 -0.0084323 -0.0022811 34.871 14.878 0 1.57
0.75956 -0.0084481 -0.0022614 34.911 14.918 0 1.57
0.76006 -0.0084638 -0.0022416 34.951 14.958 0 1.57
0.76055 -0.0084796 -0.0022219 34.991 14.998 0 1.57
0.76105 -0.0084953 -0.0022021 35.031 15.038 0 1.57
0.76154 -0.008565 -0.0021764 35.071 15.078 0 1.57
0.76204 -0.0086374 -0.0021503 35.111 15.118 0 1.57
0.76254 -0.0087099 -0.0021243 35.151 15.158 0 1.57
0.76303 -0.0087824 -0.0020982 35.191 15.198 0 1.57
0.76353 -0.0088549 -0.0020721 35.231 15.238 0 1.57
0.76402 -0.0089274 -0.0020461 35.271 15.278 0 1.57
0.76452 -0.0089999 -0.00202 35.311 15.318 0 1.57
0.76502 -0.0090724 -0.0019939 35.351 15.358 0 1.57
0.76543 -0.009132 -0.0019938 35.391 15.398 0 1.57
0.76584 -0.009191 -0.0019951 35.431 15.438 0 1.57
0.76625 -0.0092499 -0.0019965 35.471 15.478 0 1.57
0.76667 -0.0093088 -0.0019978 35.511 15.518 0 1.57
0.76708 -0.0093678 -0.0019991 35.551 15.558 0 1.57
0.76749 -0.0094267 -0.0020004 35.591 15.598 0 1.57
0.7679 -0.0094857 -0.0020018 35.631 15.638 0 1.57
0.76831 -0.0095446 -0.0020031 35.671 15.678 0 1.57
0.7687 -0.0094562 -0.0020067 35.711 15.718 0 1.57
0.76909 -0.0093592 -0.0020104 35.751 15.758 0 1.57
0.76947 -0.0092623 -0.0020141 35.791 15.798 0 1.57
0.76986 -0.0091654 -0.0020178 35.831 15.838 0 1.57
0.77025 -0.0090685 -0.0020215 35.871 15.878 0 1.57
0.77064 -0.0089716 -0.0020252 35.911 15.918 0 1.57
0.77103 -0.0088747 -0.0020289 35.951 15.958 0 1.57
0.77141 -0.0087778 -0.0020327 35.991 15.998 0 1.57
0.77173 -0.0087631 -0.0019876 36.031 16.038 0 1.57
0.77205 -0.0087533 -0.0019397 36.071 16.078 0 1.57
0.77237 -0.0087435 -0.0018918 36.111 16.118 0 1.57
0.77269 -0.0087338 -0.0018439 36.151 16.158 0 1.57
0.773 -0.008724 -0.001796 36.191 16.198 0 1.57
0.77332 -0.0087142 -0.0017481 36.231 16.238 0 1.57
0.77364 -0.0087045 -0.0017002 36.271 16.278 0 1.57
0.77396 -0.0086947 -0.0016523 36.311 16.318 0 1.57
0.77436 -0.0087132 -0.0017017 36.351 16.358 0 1.57
0.77477 -0.0087335 -0.0017572 36.391 16.398 0 1.57
0.77517 -0.0087537 -0.0018127 36.431 16.438 0 1.57
0.77558 -0.008774 -0.0018682 36.471 16.478 0 1.57
0.77599 -0.0087943 -0.0019237 36.511 16.518 0 1.57
0.7764 -0.0088145 -0.0019792 36.551 16.558 0 1.57
0.7768 -0.0088348 -0.0020347 36.591 16.598 0 1.57
0.77721 -0.0088551 -0.0020902 36.631 16.638 0 1.57
0.77733 -0.0088024 -0.0022565 36.671 16.678 0 1.57
0.77744 -0.0087451 -0.0024298 36.711 16.718 0 1.57
0.77754 -0.0086878 -0.0026032 36.751 16.758 0 1.57
0.77764 -0.0086305 -0.0027766 36.791 16.798 0 1.57
0.77775 -0.0085732 -0.00295 36.831 16.838 0 1.57
0.77785 -0.0085158 -0.0031233 36.871 16.878 0 1.57
0.77795 -0.0084585 -0.0032967 36.911 16.918 0 1.57
0.77806 -0.0084012 -0.0034701 36.951 16.958 0 1.57
0.7783 -0.0085199 -0.0034065 36.991 16.998 0 1.57
0.77854 -0.0086503 -0.0033271 37.031 17.037 0 1.57
0.77879 -0.0087807 -0.0032477 37.071 17.077 0 1.57
0.77904 -0.008911 -0.0031683 37.111 17.117 0 1.57
0.77928 -0.0090414 -0.0030889 37.151 17.157 0 1.57
0.77953 -0.0091718 -0.0030095 37.191 17.197 0 1.57
0.77978 -0.0093022 -0.0029301 37.231 17.237 0 1.57
0.78002 -0.0094326 -0.0028507 37.271 17.277 0 1.57
0.78033 -0.0093133 -0.0028238 37.311 17.317 0 1.57
0.78063 -0.0091767 -0.0028005 37.351 17.357 0 1.57
0.78094 -0.0090402 -0.0027772 37.391 17.397 0 1.57
0.78125 -0.0089037 -0.002754 37.431 17.437 0 1.57
0.78155 -0.0087671 -0.0027307 37.471 17.477 0 1.57
0.78186 -0.0086306 -0.0027074 37.511 17.517 0 1.57
0.78217 -0.0084941 -0.0026841 37.55 17.557 0 1.57
0.78247 -0.0083576 -0.0026609 37.59 17.597 0 1.57
0.7835 -0.0088492 -0.0025898 37.63 17.637 0 1.57
0.78458 -0.0093856 -0.0025154 37.67 17.677 0 1.57
0.78566 -0.009922 -0.0024409 37.71 17.717 0 1.57
0.78674 -0.010458 -0.0023665 37.75 17.757 0 1.57
0.78781 -0.010995 -0.002292 37.79 17.797 0 1.57
0.78889 -0.011531 -0.0022176 37.83 17.837 0 1.57
0.78997 -0.012068 -0.0021431 37.87 17.877 0 1.57
0.79105 -0.012604 -0.0020687 37.91 17.917 0 1.57
0.79142 -0.012706 -0.0021606 37.95 17.957 0 1.57
0.79174 -0.012776 -0.0022647 37.99 17.997 0 1.57
0.79207 -0.012846 -0.0023688 38.03 18.037 0 1.57
0.79239 -0.012916 -0.0024729 38.07 18.077 0 1.57
0.79271 -0.012986 -0.002577 38.11 18.117 0 1.57
0.79303 -0.013055 -0.0026811 38.15 18.157 0 1.57
0.79335 -0.013125 -0.0027852 38.19 18.197 0 1.57
0.79367 -0.013195 -0.0028893 38.23 18.237 0 1.57
0.794 -0.013265 -0.0029935 38.27 18.277 0 1.57
0.79432 -0.013335 -0.0030976 38.31 18.317 0 1.57
0.79464 -0.013405 -0.0032017 38.35 18.357 0 1.57
0.79496 -0.013475 -0.0033058 38.39 18.397 0 1.57
0.79528 -0.013545 -0.0034099 38.43 18.437 0 1.57
0.7956 -0.013615 -0.003514 38.47 18.477 0 1.57
0.79593 -0.013685 -0.0036181 38.51 18.517 0 1.57
0.79625 -0.013755 -0.0037222 38.55 18.557 0 1.57
0.79636 -0.013799 -0.0036782 38.59 18.597 0 1.57
0.79646 -0.013841 -0.0036226 38.63 18.637 0 1.57
0.79655 -0.013883 -0.0035669 38.67 18.677 0 1.57
0.79665 -0.013925 -0.0035113 38.71 18.717 0 1.57
0.79674 -0.013967 -0.0034557 38.75 18.757 0 1.57
0.79684 -0.014009 -0.0034 38.79 18.797 0 1.57
0.79693 -0.014051 -0.0033444 38.83 18.837 0 1.57
0.79703 -0.014092 -0.0032888 38.87 18.877 0 1.57
0.79713 -0.014134 -0.0032331 38.91 18.917 0 1.57
0.79722 -0.014176 -0.0031775 38.95 18.957 0 1.57
0.79732 -0.014218 -0.0031219 38.99 18.997 0 1.57
0.79737 -0.014508 -0.0030625 39.03 19.037 0 1.57
0.79733 -0.015255 -0.0027055 39.07 19.077 0 1.57
0.79728 -0.016002 -0.0023486 39.11 19.117 0 1.57
0.79724 -0.016748 -0.0019916 39.15 19.157 0 1.57
0.7972 -0.017495 -0.0016347 39.19 19.197 0 1.57
0.79716 -0.018242 -0.0012778 39.23 19.237 0 1.57
0.79644 -0.018133 -0.0012507 39.27 19.277 0 1.57
0.79554 -0.017797 -0.0013109 39.31 19.317 0 1.57
0.79464 -0.017462 -0.0013711 39.35 19.357 0 1.57
0.79375 -0.017127 -0.0014313 39.39 19.397 0 1.57
0.79285 -0.016791 -0.0014915 39.43 19.437 0 1.57
0.79195 -0.016456 -0.0015517 39.47 19.477 0 1.57
0.79106 -0.016121 -0.001612 39.51 19.517 0 1.57
0.79016 -0.015785 -0.0016722 39.55 19.557 0 1.57
0.78926 -0.01545 -0.0017324 39.59 19.597 0 1.57
0.78836 -0.015114 -0.0017926 39.63 19.637 0 1.57
0.78747 -0.014779 -0.0018528 39.67 19.677 0 1.57
0.78623 -0.01433 -0.0018453 39.71 19.717 0 1.57
0.78505 -0.013508 -0.0020929 39.75 19.757 0 1.57
0.78402 -0.012674 -0.0024098 39.79 19.797 0 1.57
0.78299 -0.011841 -0.0027267 39.83 19.837 0 1.57
0.78196 -0.011007 -0.0030436 39.87 19.877 0 1.57
0.78057 -0.0095066 -0.0032633 39.91 19.917 0 1.57
0.77882 -0.0077363 -0.0034925 39.95 19.957 0 1.57
nan nan nan 39.99 19.997 0 1.57
