#      distance     vorticity_x     vorticity_y     vorticity_z
      1.0050251   -5.363875e-05  -3.1088892e-05  -3.3703737e-05
      2.0100503  -5.4599547e-05  -7.5605011e-06  -6.3693799e-06
      3.0150754  -5.8223846e-05   5.3671339e-06   6.1755053e-06
      4.0201005  -7.2558653e-05   1.2980529e-05    4.557353e-05
      5.0251256   0.00024749841  -2.0072308e-05   5.3239638e-05
      6.0301508    0.0002570725  -3.3562245e-05   9.9599399e-06
      7.0351759   2.4725552e-05  -3.4309076e-05  -5.4173173e-06
       8.040201  -0.00017637371  -1.9578659e-05  -8.1263663e-05
      9.0452261  -0.00025080798   -4.892449e-06  -0.00011751743
      10.050251  -6.9107891e-05   2.6748144e-05  -6.7903817e-05
      11.055276   7.0959889e-05   2.8397356e-05   2.3103782e-06
      12.060302   0.00030739301   1.7162959e-05   8.4289068e-05
      13.065327   0.00019906849  -6.6560781e-07   6.0612932e-05
      14.070352   9.5117032e-05   1.0521153e-05   7.0769616e-06
      15.075377    0.0001798839   3.1434008e-05  -5.1449012e-05
      16.080402   0.00010361833   6.4896055e-05  -0.00010027003
      17.085427   0.00044214972   6.6683122e-05  -0.00014231277
      18.090452   0.00013282801  -1.6974044e-05   2.2067478e-05
      19.095477   5.6684124e-05  -7.1733595e-05   0.00010150916
      20.100503   6.6288499e-05  -5.8533284e-05   0.00014642259
      21.105528   0.00035685855   1.8307314e-05   5.5720995e-05
      22.110553   0.00061881162   5.3782806e-05   -1.734157e-05
      23.115578   0.00061406137   7.4441767e-05  -6.9374525e-05
      24.120603   0.00076860957    9.743547e-05  -0.00014285039
      25.125628   0.00036570632   6.3803441e-05  -0.00012038421
      26.130653  -0.00024774652   4.7847985e-06  -2.9493084e-05
      27.135678  -0.00050005351  -3.6705407e-05   8.6497999e-05
      28.140704  -0.00070578226  -3.4819246e-05   5.4684543e-05
      29.145729    -0.000375526  -2.2437039e-05   3.0332612e-05
      30.150754  -0.00045300665   8.7554528e-06   9.7390042e-05
      31.155779   -0.0003370808   5.1818038e-06   0.00013653534
      32.160804  -0.00043706564  -7.1839381e-05  -7.2902921e-05
      33.165829  -0.00039497815   -7.101491e-05   -0.0001367096
      34.170854  -0.00030169127  -4.5794642e-05  -8.6279263e-05
      35.175879  -0.00040880142   4.6414978e-05   0.00013903688
      36.180905  -0.00064958247   2.9324293e-05   0.00018234402
       37.18593  -0.00096359756  -7.8238129e-07    5.774681e-05
      38.190955   -0.0018504191  -0.00011030902  -0.00026625341
       39.19598   -0.0023438122  -0.00011704358  -0.00035135335
      40.201005   -0.0018702287  -5.3270739e-05  -0.00037096252
       41.20603   -0.0021994088  -1.7439329e-05  -0.00033158268
      42.211055   -0.0010857958  -3.0856914e-06  -0.00020299395
       43.21608   0.00042394606   -3.996145e-05   -7.023956e-05
      44.221106    0.0011951075  -0.00015423128   0.00043448855
      45.226131    0.0017381849  -0.00015300299   0.00051376253
      46.231156    0.0021914244  -4.9407588e-05   0.00030488571
      47.236181      0.00286662   0.00016588162  -0.00034452572
      48.241206    0.0027509482   0.00024268715  -0.00072172176
      49.246231    0.0021965722   0.00027126052  -0.00081198962
      50.251256   0.00058353257   8.6109529e-05  -0.00022609303
      51.256281  -0.00020537171   6.1973103e-05   0.00032695191
      52.261307    0.0012080393   3.1038556e-05   0.00068615487
      53.266332    0.0015188687   8.3685087e-05    0.0004436079
      54.271357   0.00018096558   0.00031831394     0.000335036
      55.276382    -0.001433688   0.00045652962   0.00045996343
      56.281407   -0.0019622389   0.00043125825   0.00023325161
      57.286432   -0.0051529792   0.00043970831  -0.00036778585
      58.291457   -0.0044846097     0.000272827  -0.00033313184
      59.296482   -0.0039571121  -0.00039648636  -0.00019723766
      60.301508   -0.0039516148  -0.00034612111  -0.00090730042
      61.306533    -0.003866688  -0.00016472475  -0.00090216328
      62.311558   -0.0022689905   0.00051624763  -0.00060842657
      63.316583   -0.0053393059    0.0007592163   -0.0008827876
      64.321608   -0.0028879793   0.00048783007   0.00088444554
      65.326633   -0.0041145007    0.0003747833    0.0006205734
      66.331658   -0.0035332311   0.00030868687   -0.0009075076
      67.336683   -0.0077058325   0.00072029475   0.00012591543
      68.341709    -0.011314694   0.00062562324    0.0027867542
      69.346734   -0.0015372306  -0.00012791227    0.0025354322
      70.351759  -0.00015921297  -0.00085531052   0.00023069236
      71.356784   -0.0029159668   -0.0011854287   -0.0031055851
      72.361809   -0.0058253284   -0.0004926113   -0.0020673248
      73.366834   -0.0066640156  -0.00024390987   -0.0052036865
      74.371859   -0.0083180945   0.00081652707   -0.0015412285
      75.376884   -0.0044200934  -0.00017129936   0.00048772666
       76.38191   -0.0024072496   -0.0013994383    0.0016971202
      77.386935   -0.0054214206  -0.00056639201  -0.00074900531
       78.39196   -0.0087541991   -0.0025638822  -0.00029483425
      79.396985   -0.0095849292   -0.0039470941   -0.0013582521
       80.40201    -0.013902194   -0.0024992815   -0.0044440534
      81.407035    -0.020109517  -0.00060614382   -0.0019988462
       82.41206    -0.023947649   0.00045294109   -0.0021957414
      83.417085     -0.01990461   -0.0018387388   -0.0012127873
      84.422111    -0.014457869  -0.00088285979    0.0017878602
      85.427136     -0.01055364    0.0016127213    0.0012210355
      86.432161   -0.0093460831    0.0023447183   0.00030115537
      87.437186    -0.011072458    0.0022198599    0.0037538078
      88.442211   -0.0083681602   -0.0010109396    0.0042711917
      89.447236   -0.0010954358  -0.00041746254    0.0011299974
      90.452261   0.00093630522   0.00044358004    0.0012240465
      91.457286   -0.0012495839   0.00018150323     0.003977736
      92.462312   -0.0047231275    0.0030723699     0.001982293
      93.467337   -0.0043660692     0.011337708    -0.014260966
      94.472362      0.02013272    0.0028247748   -0.0059720066
      95.477387     -0.02035502    0.0058751413    0.0088610555
      96.482412    -0.049365536    -0.027347459   -0.0033531208
      97.487437    -0.037988419     0.017788626    -0.022628713
      98.492462     -0.21488677     -0.11362117      0.15504862
      99.497487       2.0437896        24.01414       18.595271


      100.50251     -0.40648913       4.1484997      -69.265098
      101.50754     -0.86743801       1.7094256       1.8826763
      102.51256      0.24202904     -0.83251589      0.13050496
      103.51759       1.0824445      -0.1565473      0.63783356
      104.52261     0.049539707     -0.46631191     0.095923433
      105.52764      -0.1971825     0.041052091     -0.42351489
      106.53266      0.15825189     -0.39737312     -0.49242835
      107.53769      0.22753206      0.19599193     -0.10037414
      108.54271      0.00197656     0.025005968     -0.11853739
      109.54774     0.021574071       0.1181358     -0.14030217
      110.55276    -0.064522778      -0.1659482     0.001745423
      111.55779     -0.37624202      -0.0649313     0.050255425
      112.56281     -0.27420268     0.015469418     0.042309078
      113.56784     -0.03437083    -0.061831057     -0.23853804
      114.57286      0.18331904    -0.036431646     -0.36780785
      115.57789      0.25698809      0.13570162     -0.22750725
      116.58291      0.19244937      0.28171926     -0.10837983
      117.58794      0.20485822      0.10096731     -0.11024374
      118.59296    -0.031331862      0.12278642     -0.17145784
      119.59799    0.0040764556      0.16928492      -0.2115897
      120.60302     -0.01590562    0.0051767276    -0.064109491
      121.60804     0.091078558     0.091511734     -0.15863067
      122.61307     0.051728557      0.16088373    -0.089371077
      123.61809     -0.12418597       0.1760367    -0.071121824
      124.62312     0.038924653      0.43668387     -0.21002991
      125.62814      0.10792859      0.13044763     0.065844569
      126.63317    -0.028672078    -0.054879698      0.13119848
      127.63819    -0.045274037     -0.06775206    -0.070330497
      128.64322     -0.11330538     -0.11593738     -0.18262827
      129.64824    -0.018370429    -0.057480075     -0.15401935
      130.65327     0.078444587    -0.034852984     0.025440326
      131.65829     0.083319344    -0.065492946     -0.03784109
      132.66332     -0.10675001     -0.10254944    -0.063411095
      133.66834      -0.2833563      -0.1729509     -0.22966887
      134.67337       -0.172153    -0.020413885     -0.21784167
      135.67839      0.11592331     0.092973997     0.070153348
      136.68342      0.21069507      0.11796087     -0.25389108
      137.68844     0.075046985     0.041295679    -0.070209703
      138.69347      0.13388217     0.056598131    -0.060419243
      139.69849    -0.090745459    -0.046405039    -0.077739044
      140.70352    -0.070426617    -0.030584956     -0.04838487
      141.70854     0.011573103    -0.058483141    -0.073742177
      142.71357    -0.032770628   -0.0084277309    -0.021044568
      143.71859     0.048071973     0.098340168     -0.11680444
      144.72362     0.067191681      0.12223318     -0.10718887
      145.72864     -0.11148367     -0.04936698    -0.049058744
      146.73367    -0.020089084     -0.03086341     -0.18520887
      147.73869      -0.1311557     0.032433787     0.091622061
      148.74372    0.0024541598     -0.13893817     -0.05550656
      149.74874      0.26824642     -0.11196482     -0.15694725
      150.75377      0.39347739    -0.035564542     -0.16036115
      151.75879      0.29480034     0.060034576     -0.27175067
      152.76382     0.095882927    -0.056892572     -0.25518909
      153.76884    -0.020111792    -0.065262163     -0.18850055
      154.77387      -0.1464048      -0.2590658    -0.040635631
      155.77889    -0.048795002     -0.27318847     0.035577992
      156.78392    -0.041814325     -0.04711518     0.085124227
      157.78894      0.03203571    -0.040530858    -0.039601306
      158.79397     0.041766481     0.025765373     -0.10368222
      159.79899       0.0472921     0.061245399     -0.28730813
      160.80402    -0.022498268    -0.022407326     -0.28347894
      161.80905    -0.036581107     -0.12043073     -0.18376872
      162.81407    0.0032738156     0.031628685     -0.10210384
       163.8191    -0.037911065    -0.045606012    -0.042076358
      164.82412    -0.010961528    -0.089065234    -0.052959547
      165.82915    -0.019846097      0.03121321    -0.024413851
      166.83417     -0.12194305    -0.044303619    -0.088159663
       167.8392    -0.012449465     0.063484129     -0.14818162
      168.84422   0.00080455547     0.074856597     -0.16127493
      169.84925      0.10559665      0.17465524    -0.094489225
      170.85427     -0.10607906    -0.053621634    -0.049283342
       171.8593    -0.075898546      0.12297328     -0.18941218
      172.86432      0.14588081      0.15540466     -0.12900804
      173.86935       0.0382947      0.15626661      0.12283373
      174.87437       -0.134518    -0.072287542      0.05878479
       175.8794     -0.15093566     -0.17350131     0.025753453
      176.88442     0.047458141     -0.18395325     -0.16446062
      177.88945     0.087047409     -0.12632986     -0.15887754
      178.89447     0.015090755     0.019256672     -0.27908552
       179.8995     0.021980859    -0.023355694     -0.30408341
      180.90452     -0.15690006     -0.20594009     -0.17517272
      181.90955     -0.11986407     -0.11742784     -0.21209352
      182.91457    0.0045195776    -0.011520123     -0.19704346
       183.9196     0.042295693     0.035798736     -0.15422832
      184.92462   -0.0012999267   -0.0023999647     -0.13431402
      185.92965    -0.014224381    -0.031004324     -0.15099445
      186.93467    -0.013201689     -0.01610672     -0.15970184
       187.9397    -0.041077424    -0.054969804     -0.12554998
      188.94472    -0.022688766    -0.025361545    -0.096593905
      189.94975    -0.037463086    -0.056664444    -0.086579531
      190.95477    -0.017787577    -0.025955826    -0.073867483
       191.9598    0.0039549676   -0.0037615417    -0.041784097
      192.96482    0.0010581216   -0.0076036096    -0.043873176
      193.96985  -0.00094609562    -0.010417419    -0.033767727
      194.97487   -0.0032833493   -0.0060042394    -0.014873967
       195.9799  -0.00092090973    0.0050560845   -0.0038058835
      196.98492   -0.0047861511     0.010824559     -0.01908697
      197.98995   -0.0063442749     0.012316586     -0.06655583
      198.99497   -0.0070635736     0.002697098    -0.050124635