#      distance     vorticity_x     vorticity_y     vorticity_z
      1.0050251   5.4358517e-05  -1.1058771e-05   3.4200917e-05
      2.0100503   0.00024370858   -1.912431e-05   1.4778245e-05
      3.0150754   0.00012687251   -1.102524e-05   3.8165418e-05
      4.0201005    6.504083e-05  -4.9982098e-06   4.8000384e-05
      5.0251256  -4.2265905e-05   2.5719526e-05   5.1206029e-05
      6.0301508  -7.4140842e-05    2.155963e-05  -3.5870808e-06
      7.0351759   3.2210787e-05  -2.1400657e-06  -5.1908596e-05
       8.040201   7.7662228e-05  -6.2797948e-05  -2.6981931e-05
      9.0452261   0.00018384079  -0.00010929136   7.3815318e-05
      10.050251   7.3142915e-05  -0.00010648965   0.00012010447
      11.055276   -0.0002353351    -4.00103e-05   9.1799686e-05
      12.060302  -0.00025469962   1.3117858e-06   4.7216487e-05
      13.065327   4.8479277e-05   3.8886776e-05   5.1205087e-06
      14.070352    0.0001203043   2.9505274e-05  -1.5081046e-06
      15.075377  -3.8825306e-05  -6.4806462e-06   2.5863526e-05
      16.080402  -0.00033445191  -2.8820372e-05   8.3692862e-05
      17.085427  -0.00030037857  -2.2523379e-05   8.2568147e-05
      18.090452  -0.00014523308  -2.2536371e-05   5.2408449e-05
      19.095477   9.9078144e-05   1.5478673e-05   1.9771725e-05
      20.100503  -0.00036421187   3.8129865e-06   6.3540636e-05
      21.105528   -0.0012175339  -3.0978931e-05   0.00017866972
      22.110553   -0.0013249653  -1.4176188e-05   0.00011253023
      23.115578   -0.0014736752  -2.3359637e-07   4.6256622e-05
      24.120603  -0.00035913999    4.969439e-05   9.9820027e-06
      25.125628   0.00019189002   5.2471039e-05   3.2815707e-05
      26.130653    0.0006366885   5.3606843e-05  -0.00011334281
      27.135678   0.00041897342  -9.7626031e-06  -0.00027483695
      28.140704   0.00018713377  -2.1057483e-05  -0.00019089913
      29.145729   4.9727819e-05  -3.3197378e-05  -0.00012397172
      30.150754  -0.00041133792  -9.3598081e-06   5.0350707e-06
      31.155779  -0.00063702255  -4.9715126e-06   2.0286896e-05
      32.160804  -0.00022536656  -1.0580895e-05   5.4852231e-05
      33.165829  -0.00013802111  -1.8193367e-05   0.00022472482
      34.170854  -0.00023406818   6.5434215e-06   0.00031913051
      35.175879  -0.00036778502   7.1197155e-05   0.00026475755
      36.180905  -0.00020406594   0.00011067737   0.00018097153
       37.18593  -0.00026424259   1.9014152e-05   0.00010135421
      38.190955   7.7125018e-05  -6.7922462e-05  -9.1635836e-06
       39.19598   0.00071551068  -0.00018693886   6.1176892e-05
      40.201005   0.00016006047  -9.1454081e-05  -4.4968608e-05
       41.20603  -0.00059091237  -3.6166031e-05  -0.00017542774
      42.211055  -0.00055935854  -8.6119851e-06  -8.8151846e-05
       43.21608  -0.00020491282  -1.3399158e-05   6.1439124e-05
      44.221106   0.00027447833   7.2407005e-06   0.00032480637
      45.226131   0.00032755411   9.4328201e-06   0.00036429426
      46.231156   0.00064129695   4.9333956e-05   0.00029157244
      47.236181   0.00090646635   7.2915584e-05  -6.0583235e-05
      48.241206    0.0014698186   9.6317677e-05  -0.00037561496
      49.246231   0.00096804669   0.00013947615  -0.00027413087
      50.251256   0.00098154053   0.00019429078  -0.00022973063
      51.256281  -6.5380948e-08   0.00028778165  -0.00026941076
      52.261307   -0.0022562408    0.0002379227    6.443265e-06
      53.266332   -0.0024195737   0.00014598415   0.00020985975
      54.271357   -0.0038266174   2.4458929e-05    0.0003907448
      55.276382   -0.0019051025  -0.00023126186  -0.00025965081
      56.281407   -0.0018247817  -0.00034107044  -0.00073310936
      57.286432   -0.0041081428  -0.00038102874  -0.00043631628
      58.291457   -0.0024350883  -4.3719346e-05  -6.7657697e-05
      59.296482  -0.00078424958   0.00028956407    0.0002998727
      60.301508   -0.0040381201   0.00016086646   0.00087752551
      61.306533   -0.0098475705  -0.00045168296   0.00019349412
      62.311558   -0.0066498034  -1.9565121e-05  -0.00099145359
      63.316583   -0.0026188399   0.00041618153   -0.0011117005
      64.321608   -0.0041152411   0.00025287068  -0.00094908006
      65.326633   -0.0077651072   0.00021530632   -0.0011904284
      66.331658   -0.0056883244   0.00021172889  -0.00064296315
      67.336683   -0.0011769898  -8.5103229e-05   5.7113945e-05
      68.341709   -0.0049896683   -0.0010913374    0.0010716837
      69.346734   -0.0049443692   -0.0019783363    0.0015843755
      70.351759   -0.0041524707   -0.0010764883   0.00064503904
      71.356784   -0.0045280064  -0.00023234107  -0.00038836608
      72.361809    -0.010410402  -0.00091113549   -0.0040839391
      73.366834   -0.0029119703   0.00080156098   -0.0074973384
      74.371859    -0.014198773  -0.00039409402   -0.0057117385
      75.376884     -0.01155131   -0.0019583618   -0.0043502017
       76.38191    -0.014535623   -0.0010990831   -0.0021848414
      77.386935     -0.01566504  -0.00040053055   -0.0014817266
       78.39196    -0.010064603  -0.00063921766   0.00047967777
      79.396985   -0.0041971082  -0.00094041021   0.00015919544
       80.40201   0.00012171894   0.00075757647   -0.0023109411
      81.407035   -0.0004794171   0.00096793709   -0.0048661036
       82.41206    0.0021036548  -0.00012435517   -0.0029183186
      83.417085  -0.00068753406   0.00022493692     0.003991617
      84.422111   -0.0030869211   0.00057842625    0.0053017222
      85.427136   -0.0052669264   0.00094042918    0.0043323057
      86.432161   -0.0079292461    0.0021157475    0.0032723122
      87.437186    -0.011302553   0.00057458014    0.0040610267
      88.442211    -0.011761095   -6.779577e-05    0.0032993511
      89.447236    -0.010615769   -0.0019930124  -0.00073085981
      90.452261    -0.009864735   -0.0033117994  -9.5916045e-05
      91.457286    -0.013489528   -0.0024973312    0.0016794229
      92.462312    -0.018090993   -0.0013158913   4.5264915e-05
      93.467337    -0.038900528   -0.0029068729   -0.0055122751
      94.472362    -0.047897455     -0.00247547    -0.001211006
      95.477387    -0.044271541   -0.0033016886     0.007935512
      96.482412    -0.042350893    0.0015391599     -0.00106684
      97.487437    -0.039158201   0.00099881029    0.0032147753
      98.492462    -0.057347162     0.042866105   -0.0028078754
      99.497487     -0.22803961       1.7475723      -21.145942


      100.50251    -0.026213289      -9.1048066       -27.60371
      101.50754    -0.069755162       -0.316127      0.47786894
      102.51256      0.36721405     -0.41537211      0.77433688
      103.51759     -0.24952756    0.0029479738     -0.60077628
      104.52261     -0.55321749     -0.53169229      0.16474255
      105.52764     -0.12725496      0.33354689        1.641283
      106.53266      0.13700108     -0.28969639     -0.65243843
      107.53769      0.52284735    -0.066369072     -0.61544096
      108.54271     0.032774032     -0.21984532    -0.041531397
      109.54774     -0.32396915    -0.011512442      0.27639295
      110.55276      0.07079167     -0.72536653     0.089796077
      111.55779     -0.21647917     -0.30604093       0.3126684
      112.56281     -0.26773554    -0.072071381     0.027973821
      113.56784     -0.20620578    -0.012857568     -0.36897576
      114.57286    -0.029207009      0.24546493     -0.12637104
      115.57789     -0.27732088      0.13127727    -0.084044652
      116.58291     -0.12649359      0.12431373    -0.060529906
      117.58794      0.21911303      0.16133553    -0.075505229
      118.59296      0.41222793      0.25184748     -0.27905744
      119.59799    -0.089156127     -0.26801188     -0.27637061
      120.60302     -0.17792481     -0.23679515      0.20014406
      121.60804   -0.0025864652    -0.019849757     -0.10662619
      122.61307      0.10549559     0.021141945    -0.079716478
      123.61809     -0.17895723     0.044902817    -0.069165524
      124.62312     -0.20049447     0.078079868     0.015350973
      125.62814    -0.088569177      0.12417386      0.19647115
      126.63317     -0.21886526    -0.038027504    0.0064705522
      127.63819     -0.16030773      -0.1208448   -0.0017068002
      128.64322     -0.22142598     -0.22789578    -0.051290936
      129.64824     -0.30136513     -0.15315251     -0.11110672
      130.65327    -0.082061328    -0.053187462    -0.042072393
      131.65829      0.16770317     0.068707982     -0.11459608
      132.66332     -0.08416527    -0.035125595     0.011673818
      133.66834     -0.18874529    -0.074254981     -0.13183364
      134.67337    -0.082943508    -0.081416896      -0.1709872
      135.67839    -0.023400636    -0.081217528    -0.059646594
      136.68342     0.069607235     0.024213213    -0.047872482
      137.68844     0.074243571      0.10491027     -0.23364669
      138.69347     0.081958283     0.075641481     -0.23082583
      139.69849    0.0067224694    0.0083434176     -0.10703796
      140.70352    -0.096033086    -0.068847874     -0.11985579
      141.70854     -0.24004052     -0.13741539     -0.17956152
      142.71357     -0.27603691     -0.20062731    -0.033061628
      143.71859     0.015725436     0.047572219    -0.017234425
      144.72362      0.19291637      0.14488229     0.017247336
      145.72864      0.17740213     0.053199529    -0.029080825
      146.73367     0.012757241      0.14165208    -0.074255904
      147.73869    -0.046860253     0.047405598     -0.06005816
      148.74372     0.082128116      0.15416766    0.0029150879
      149.74874     0.021058644     0.093101502    -0.045055093
      150.75377    -0.083582912     -0.12217065      -0.2306286
      151.75879    -0.005050884    -0.068363505     -0.14703676
      152.76382     0.025817963    -0.055333247    -0.079158136
      153.76884    -0.052910468    -0.058413587   -0.0021226683
      154.77387     -0.06224738     0.010286009   -0.0048075389
      155.77889     0.030951186    -0.071765074     -0.13513152
      156.78392        0.102912    -0.044178303    -0.091759306
      157.78894   0.00052022916    -0.021397973     0.052682279
      158.79397     -0.25990597     -0.16061967     0.048298514
      159.79899      -0.3153697     -0.23920278    -0.033221792
      160.80402     -0.13131575     -0.14819021     -0.12832193
      161.80905    -0.061245292     -0.12639521    -0.016259309
      162.81407    -0.058969644    -0.052360772     -0.11743099
       163.8191    -0.031922974    -0.081932728     0.086669804
      164.82412    -0.063796838    -0.075692257      0.12062798
      165.82915     -0.13667587   -0.0076442059     0.014326073
      166.83417     -0.19226212     -0.04625818     0.010320513
       167.8392     -0.17302602     -0.10602882     0.090619518
      168.84422      -0.1570955     -0.15243607    -0.069338356
      169.84925    -0.091826394     -0.17752438    -0.099378811
      170.85427     -0.13275289    -0.060083097     0.044073406
       171.8593     -0.12297175    -0.073371193     0.081319411
      172.86432    -0.046301814     -0.10771038     0.031339703
      173.86935    -0.012589086     -0.11290011    -0.073522836
      174.87437     0.018262049    -0.032599789    -0.034138214
       175.8794      0.04829463    0.0081157111   -0.0082824012
      176.88442      0.12085484     0.024469338     -0.13929767
      177.88945     0.084389717    0.0068976908    -0.025564572
      178.89447    -0.096320315     -0.16237862      0.09659601
       179.8995     -0.06606959     -0.17953656     -0.08607048
      180.90452     -0.10373153     -0.17914271     -0.11412756
      181.90955     -0.11467766    -0.081865249     0.011670049
      182.91457    -0.049059562    -0.076141189   9.8959316e-05
       183.9196    0.0032432411    -0.025314771    -0.060037984
      184.92462   -0.0008015938    -0.015943158    -0.075169992
      185.92965    -0.010307529    -0.040449286    -0.052821786
      186.93467     0.021886071    -0.085325421     -0.03799507
       187.9397     0.011585574    -0.083412373    -0.059936317
      188.94472     0.013232373    -0.048301949    -0.076196884
      189.94975     0.012848566   -0.0081351651    -0.079874391
      190.95477     0.024289284    0.0075983936    -0.072633321
       191.9598     0.046526843     0.041502748     -0.06498012
      192.96482     0.032772861     0.028891365     -0.05126246
      193.96985     0.026489863      0.02597162    -0.029761246
      194.97487     0.014818954     0.017116644   -0.0025487531
       195.9799    0.0053317312     0.011143212    0.0068512402
      196.98492   -0.0043939082   -0.0023125227    0.0088237465
      197.98995    -0.013154211   -0.0092741493   0.00020640446
      198.99497    -0.015413405     -0.01529793     0.001850862