#      distance         UMean_x         UMean_y         UMean_z
      1.0050251        1.000007   7.9224311e-05  -4.8070056e-05
      2.0100503       1.0000185   0.00025365066  -0.00012735607
      3.0150754      0.99999472    0.0001249459  -7.5141383e-05
      4.0201005      0.99996223  -2.9347732e-05  -9.0862884e-07
      5.0251256      0.99993844   0.00013769427  -5.6499781e-05
      6.0301508      0.99991538   0.00017684719  -3.5706612e-05
      7.0351759      0.99987493   8.9274773e-05    5.497999e-05
       8.040201      0.99982872   2.4385977e-05   8.6143181e-05
      9.0452261      0.99980349   4.1263689e-05   2.8138273e-05
      10.050251       0.9997714  -8.2842107e-07   2.0633009e-06
      11.055276      0.99973847   0.00017498711   5.5847835e-06
      12.060302      0.99965355   -0.0001795767    0.0001412931
      13.065327      0.99957628  -0.00033176879   0.00013196039
      14.070352      0.99955125   0.00016301607  -0.00020838533
      15.075377      0.99951377   0.00029167895  -0.00038934083
      16.080402       0.9994228  -0.00028812593   4.8136332e-05
      17.085427      0.99933623  -0.00020207899   2.1341086e-05
      18.090452      0.99924172   0.00015738986  -0.00012398776
      19.095477      0.99915685       0.0007904  -0.00045981502
      20.100503      0.99905374   0.00038024334  -0.00051658896
      21.105528      0.99891765  -0.00019090131  -0.00041711412
      22.110553      0.99873803  -0.00029230807  -0.00048086142
      23.115578      0.99864662       0.0001243  -0.00063369525
      24.120603      0.99855567    0.0012702148  -0.00084842846
      25.125628      0.99843546    0.0015368673  -0.00073587649
      26.130653      0.99829984   0.00067586655  -0.00018892274
      27.135678      0.99805587  -0.00036220841   0.00028627496
      28.140704      0.99795022   0.00093851976  -0.00016383586
      29.145729      0.99773131   0.00055447147  -0.00044562441
      30.150754        0.997542   0.00094624815  -0.00090004838
      31.155779      0.99737646   0.00052064444  -0.00074983942
      32.160804      0.99709258    0.0011146728  -0.00044523543
      33.165829      0.99690784    0.0017141246  -0.00030997492
      34.170854      0.99675763    0.0017792915  -0.00028867145
      35.175879      0.99651633   0.00036790295   -7.211104e-05
      36.180905      0.99619901   -0.0010433263  -0.00011424771
       37.18593      0.99579682  -0.00077507817  -0.00039839587
      38.190955      0.99521754  -2.5818382e-05  -0.00028325607
       39.19598       0.9950453   0.00068755401  -9.1884104e-05
      40.201005       0.9947815   0.00073613791   0.00016819593
       41.20603      0.99445315   -0.0004596216   6.7709994e-05
      42.211055      0.99402273   1.6645451e-05   3.6152059e-06
       43.21608      0.99361474  -0.00026920676  -9.2856856e-05
      44.221106      0.99301611   -0.0015863092  -0.00014243717
      45.226131      0.99273553   -0.0029598224   8.2993239e-05
      46.231156       0.9924717   -0.0031665761   0.00034229097
      47.236181      0.99201668    0.0011652191   0.00043440668
      48.241206      0.99140405   0.00055928844  -2.9545281e-05
      49.246231      0.99084949  -0.00032076485  -0.00038055991
      50.251256      0.99026401   -0.0032403503   2.8072268e-05
      51.256281      0.98964683  -0.00082650659   0.00015439653
      52.261307       0.9890271   1.6564476e-05   0.00024839299
      53.266332      0.98812306  -0.00072554794   0.00043713732
      54.271357      0.98760537   -0.0057040438    0.0020458807
      55.276382      0.98684762   -0.0063889276    0.0030555138
      56.281407      0.98635659   -0.0044552298    0.0027303989
      57.286432      0.98562186   -0.0035341931    0.0027502855
      58.291457      0.98504235   -0.0010510646    0.0019462823
      59.296482      0.98406541    0.0018581192    0.0012404858
      60.301508      0.98287227    0.0022676546   0.00091893894
      61.306533       0.9817156   0.00071278605   0.00030472311
      62.311558       0.9805115   -0.0017106382   0.00093551985
      63.316583      0.97849528   -0.0015250753    0.0012463125
      64.321608      0.97654141   -0.0046075936    0.0006703396
      65.326633      0.97565166   -0.0037537971     0.001947919
      66.331658      0.97438905   -0.0012277913    0.0016834647
      67.336683       0.9718529   -0.0057422586    0.0024241626
      68.341709      0.97124612    -0.001763076    0.0032615956
      69.346734      0.96849444    -0.007634399    0.0039386312
      70.351759      0.96693749   -0.0079302897    0.0050505096
      71.356784      0.96516903   -0.0045752808    0.0045279599
      72.361809      0.96179097   -0.0052903147    0.0041557509
      73.366834      0.95938961   -0.0050082631    0.0038776749
      74.371859      0.95653306   -0.0057552346    0.0045485665
      75.376884      0.95369939   -0.0052347201    0.0040333699
       76.38191      0.95019039   -0.0057522193    0.0041570534
      77.386935      0.94612945   -0.0065622442    0.0038725183
       78.39196      0.94193018   -0.0067715427    0.0042838626
      79.396985      0.93742553   -0.0067360513    0.0044195024
       80.40201      0.93217006   -0.0066519808     0.004377874
      81.407035      0.92628973   -0.0066218082    0.0044099476
       82.41206      0.91969782   -0.0066388137    0.0043144767
      83.417085      0.91208907   -0.0066000803    0.0041536014
      84.422111      0.90337221   -0.0065455262    0.0040689993
      85.427136      0.89319387   -0.0065199294    0.0040360979
      86.432161      0.88131253   -0.0064819898    0.0039291961
      87.437186      0.86718662   -0.0063750725     0.003771637
      88.442211      0.85018325   -0.0063051323    0.0036024016
      89.447236      0.82904969   -0.0062921817    0.0034336697
      90.452261      0.80241295   -0.0060943965    0.0033158179
      91.457286      0.76887053   -0.0059024752    0.0037432469
      92.462312      0.71563236   -0.0072357007    0.0041799172
      93.467337        0.585535   -0.0073446211  -0.00050023771


      95.477387    -0.047157602     0.029139119     0.006215199
      96.482412      -0.2339472    -0.048257966    0.0061361667
      97.487437      0.69801149     0.014296646   -0.0060615467
      98.492462       1.0405825     0.014164002    0.0030748247
      99.497487    0.0045626225    -0.016308904   -0.0027848193


      100.50251  -0.00097899216  -0.00050209695   0.00069244294
      101.50754    0.0067472963     0.019670732    0.0060951482
      102.51256       0.5451214     0.018757016   -0.0020044709
      103.51759      0.61537167     0.013328441  -0.00056347182
      104.52261      0.29046047    0.0042859524    0.0043175694


      106.53266    -0.050318724    0.0093606818    0.0066630254
      107.53769     0.039900757    -0.015971435    0.0071811399
      108.54271      0.11238041   -0.0072040531     0.011112712
      109.54774      0.18601908    -0.004483739     0.002336558
      110.55276      0.24315093    -0.012358848   -0.0013615713
      111.55779      0.29013496    -0.014672887   0.00079363904
      112.56281       0.3250611    -0.010606576    -0.000174191
      113.56784      0.34881755   -0.0056758369    0.0015417971
      114.57286      0.35942667   -0.0032015903    0.0031891227
      115.57789      0.36296731   -0.0029343943    0.0010267473
      116.58291      0.36540083   -0.0021314213   -0.0022186181
      117.58794      0.36811018   -0.0019938199   -0.0040672398
      118.59296      0.37088993    -0.002593873   -0.0037559487
      119.59799      0.37190776   -0.0025571902   -0.0031129129
      120.60302      0.37090408   -0.0016470079   -0.0025793177
      121.60804      0.36868584  -0.00080037939    -0.002137569
      122.61307      0.36600015  -0.00052724238   -0.0014961063
      123.61809      0.36246222  -9.8931292e-06  -0.00052388169
      124.62312      0.35970946   0.00022629393  -0.00079885214
      125.62814      0.35743682   -0.0011751156      -0.0025783
      126.63317       0.3553508   0.00053512785   -0.0041370681
      127.63819      0.35513366    0.0040546965   -0.0017149973
      128.64322      0.35381717    0.0057110815   -0.0011425171
      129.64824      0.35434081    0.0039013531   -0.0012136231
      130.65327      0.35471683    0.0011850566  -0.00057777941
      131.65829      0.35488183   -0.0014185843   3.2723794e-05
      132.66332      0.35623523   -0.0055931589  -0.00062124727
      133.66834      0.35664279   -0.0073730393   -0.0014173291
      134.67337      0.35649027   -0.0069060243   -0.0021457342
      135.67839       0.3565707   -0.0043645849   -0.0019289606
      136.68342      0.35445967   -0.0027734658   -0.0011585425
      137.68844      0.35185022   -0.0020371347   0.00020914696
      138.69347      0.35037204   -0.0010460905   0.00096737195
      139.69849      0.35054788   0.00068493789    0.0011495861
      140.70352      0.35205845    0.0030285098    0.0014820589
      141.70854      0.35455215    0.0056692474    0.0023147818
      142.71357      0.35764947      0.00862709    0.0033345118
      143.71859      0.36132541     0.012453591    0.0038167415
      144.72362      0.36523486      0.01540304    0.0050181385
      145.72864      0.36199826     0.013696075    0.0032457415
      146.73367      0.35719113     0.012062871   0.00017469084
      147.73869      0.35630296     0.011665151   0.00031054949
      148.74372      0.35748288    0.0094556682   0.00018411053
      149.74874      0.35892486    0.0067610435  -2.3977021e-05
      150.75377      0.36391255    0.0074157767      0.00201145
      151.75879       0.3721387     0.010129725    0.0040617442
      152.76382      0.38202356     0.014173061    0.0055289035
      153.76884      0.39274137     0.016800351    0.0065354012
      154.77387      0.40141192     0.015607353    0.0070800646
      155.77889      0.40695507     0.015581141    0.0067178166
      156.78392       0.4099501     0.016595088    0.0056054049
      157.78894      0.41265179     0.017681558    0.0054304865
      158.79397       0.4158919     0.018333121    0.0066740258
      159.79899      0.42176807      0.01742596    0.0097728811
      160.80402      0.42976596     0.018118457     0.012560026
      161.80905      0.43848479     0.020335063     0.010645444
      162.81407      0.44860778     0.020771394    0.0074884974
       163.8191      0.45880198     0.021218957    0.0054967545
      164.82412      0.46718869     0.020487214     0.005842037
      165.82915      0.47636027     0.017622967    0.0077416889
      166.83417      0.48477842     0.015033424    0.0082627571
       167.8392      0.49171586     0.014074971    0.0076545117
      168.84422      0.49691699      0.01355122    0.0049853513
      169.84925       0.4998861     0.015894962    0.0028680786
      170.85427      0.50189479     0.019595578    0.0029125782
       171.8593      0.50530804     0.020916827    0.0034311373
      172.86432      0.51017446     0.020898954     0.003055838
      173.86935      0.51591719     0.020955106    0.0025807629
      174.87437      0.52109028     0.020357503    0.0025261892
       175.8794      0.52456692     0.020202779    0.0029602515
      176.88442      0.52848174     0.020749951    0.0029379047
      177.88945         0.53373     0.019796948     0.002922473
      178.89447      0.54018847     0.017442115    0.0037236367
       179.8995      0.54687635     0.013619544    0.0030735132
      180.90452      0.55271486    0.0096025784    0.0020902403
      181.90955      0.55877262    0.0068370856     0.001159831
      182.91457      0.56706937    0.0044628631   0.00049591097
       183.9196      0.57312447    0.0039932113   0.00017301057
      184.92462      0.57849182    0.0045915869   0.00071648209
      185.92965       0.5833129    0.0067125654    0.0011020233
      186.93467      0.59102487     0.008332444   0.00053052894
       187.9397       0.5940918    0.0081659087   0.00029482118
      188.94472      0.60426635     0.012229784    0.0021397325
      189.94975      0.60505988    0.0085037552     0.002288263
      190.95477      0.60559641    0.0075046303    0.0012809119
       191.9598      0.60421679    0.0065505472    0.0014384088
      192.96482      0.60923903    0.0062147973    0.0020588537
      193.96985      0.60156648    0.0067033374    0.0033597066
      194.97487      0.61309812    0.0059016044    0.0030313327
       195.9799      0.63104264    0.0076213612   0.00041715187
      196.98492      0.63953004     0.014415981   -0.0051199836
      197.98995      0.64642419    0.0099707106    -0.002166611
      198.99497      0.63541302    0.0057408117   -0.0015332017