# Region type : faceZone OutSurface
# Faces  :    339
# Area   :    3.219671e+01
# Time        	areaAverage(surfaceInterpolate(p))
0             	0.000000e+00
0.2           	0.000000e+00
0.4           	0.000000e+00
0.6           	0.000000e+00
0.8           	0.000000e+00
1             	-3.830132e-01
1.2           	-3.830132e-01
1.4           	-3.830132e-01
1.6           	-3.830132e-01
1.8           	-3.830132e-01
2             	-2.907967e-01
2.2           	-2.907967e-01
2.4           	-2.907967e-01
2.6           	-2.907967e-01
2.8           	-2.907967e-01
3             	-2.323407e-01
3.2           	-2.323407e-01
3.4           	-2.323407e-01
3.6           	-2.323407e-01
3.8           	-2.323407e-01
4             	-1.994824e-01
4.2           	-1.994824e-01
4.4           	-1.994824e-01
4.6           	-1.994824e-01
4.8           	-1.994824e-01
5             	-1.874859e-01
5.2           	-1.874859e-01
5.4           	-1.874859e-01
5.6           	-1.874859e-01
5.8           	-1.874859e-01
6             	-1.923036e-01
6.2           	-1.923036e-01
6.4           	-1.923036e-01
6.6           	-1.923036e-01
6.8           	-1.923036e-01
7             	-2.102182e-01
7.2           	-2.102182e-01
7.4           	-2.102182e-01
7.6           	-2.102182e-01
7.8           	-2.102182e-01
8             	-2.372792e-01
8.2           	-2.372792e-01
8.4           	-2.372792e-01
8.6           	-2.372792e-01
8.8           	-2.372792e-01
9             	-2.693784e-01
9.2           	-2.693784e-01
9.4           	-2.693784e-01
9.6           	-2.693784e-01
9.8           	-2.693784e-01
10            	-3.026989e-01
10.2          	-3.026989e-01
10.4          	-3.026989e-01
10.6          	-3.026989e-01
10.8          	-3.026989e-01
11            	-3.293969e-01
11.2          	-3.293969e-01
11.4          	-3.293969e-01
11.6          	-3.293969e-01
11.8          	-3.293969e-01
12            	-3.403583e-01
12.2          	-3.403583e-01
12.4          	-3.403583e-01
12.6          	-3.403583e-01
12.8          	-3.403583e-01
13            	-3.360582e-01
13.2          	-3.360582e-01
13.4          	-3.360582e-01
13.6          	-3.360582e-01
13.8          	-3.360582e-01
14            	-3.271453e-01
14.2          	-3.271453e-01
14.4          	-3.271453e-01
14.6          	-3.271453e-01
14.8          	-3.271453e-01
15            	-3.193410e-01
15.2          	-3.193410e-01
15.4          	-3.193410e-01
15.6          	-3.193410e-01
15.8          	-3.193410e-01
16            	-3.121979e-01
16.2          	-3.121979e-01
16.4          	-3.121979e-01
16.6          	-3.121979e-01
16.8          	-3.121979e-01
17            	-3.056269e-01
17.2          	-3.056269e-01
17.4          	-3.056269e-01
17.6          	-3.056269e-01
17.8          	-3.056269e-01
18            	-2.990578e-01
18.2          	-2.990578e-01
18.4          	-2.990578e-01
18.6          	-2.990578e-01
18.8          	-2.990578e-01
19            	-2.930203e-01
19.2          	-2.930203e-01
19.4          	-2.930203e-01
19.6          	-2.930203e-01
19.8          	-2.930203e-01
20            	-2.874026e-01
20.2          	-2.874026e-01
20.4          	-2.874026e-01
20.6          	-2.874026e-01
20.8          	-2.874026e-01
21            	-2.822863e-01
21.2          	-2.822863e-01
21.4          	-2.822863e-01
21.6          	-2.822863e-01
21.8          	-2.822863e-01
22            	-2.776068e-01
22.2          	-2.776068e-01
22.4          	-2.776068e-01
22.6          	-2.776068e-01
22.8          	-2.776068e-01
23            	-2.734137e-01
23.2          	-2.734137e-01
23.4          	-2.734137e-01
23.6          	-2.734137e-01
23.8          	-2.734137e-01
24            	-2.696180e-01
24.2          	-2.696180e-01
24.4          	-2.696180e-01
24.6          	-2.696180e-01
24.8          	-2.696180e-01
25            	-2.662277e-01
25.2          	-2.662277e-01
25.4          	-2.662277e-01
25.6          	-2.662277e-01
25.8          	-2.662277e-01
26            	-2.630156e-01
26.2          	-2.630156e-01
26.4          	-2.630156e-01
26.6          	-2.630156e-01
26.8          	-2.630156e-01
27            	-2.600320e-01
27.2          	-2.600320e-01
27.4          	-2.600320e-01
27.6          	-2.600320e-01
27.8          	-2.600320e-01
28            	-2.571634e-01
28.2          	-2.571634e-01
28.4          	-2.571634e-01
28.6          	-2.571634e-01
28.8          	-2.571634e-01
29            	-2.544879e-01
29.2          	-2.544879e-01
29.4          	-2.544879e-01
29.6          	-2.544879e-01
29.8          	-2.544879e-01
30            	-2.517523e-01
30.2          	-2.517523e-01
30.4          	-2.517523e-01
30.6          	-2.517523e-01
30.8          	-2.517523e-01
31            	-2.495078e-01
31.2          	-2.495078e-01
31.4          	-2.495078e-01
31.6          	-2.495078e-01
31.8          	-2.495078e-01
32            	-2.472002e-01
32.2          	-2.472002e-01
32.4          	-2.472002e-01
32.6          	-2.472002e-01
32.8          	-2.472002e-01
33            	-2.450032e-01
33.2          	-2.450032e-01
33.4          	-2.450032e-01
33.6          	-2.450032e-01
33.8          	-2.450032e-01
34            	-2.428548e-01
34.2          	-2.428548e-01
34.4          	-2.428548e-01
34.6          	-2.428548e-01
34.8          	-2.428548e-01
35            	-2.407915e-01
35.2          	-2.407915e-01
35.4          	-2.407915e-01
35.6          	-2.407915e-01
35.8          	-2.407915e-01
36            	-2.388215e-01
36.2          	-2.388215e-01
36.4          	-2.388215e-01
36.6          	-2.388215e-01
36.8          	-2.388215e-01
37            	-2.368669e-01
37.2          	-2.368669e-01
37.4          	-2.368669e-01
37.6          	-2.368669e-01
37.8          	-2.368669e-01
38            	-2.349464e-01
38.2          	-2.349464e-01
38.4          	-2.349464e-01
38.6          	-2.349464e-01
38.8          	-2.349464e-01
39            	-2.330311e-01
39.2          	-2.330311e-01
39.4          	-2.330311e-01
39.6          	-2.330311e-01
39.8          	-2.330311e-01
40            	-2.311189e-01
40.2          	-2.311189e-01
40.4          	-2.311189e-01
40.6          	-2.311189e-01
40.8          	-2.311189e-01
41            	-2.292112e-01
41.2          	-2.292112e-01
41.4          	-2.292112e-01
41.6          	-2.292112e-01
41.8          	-2.292112e-01
42            	-2.273265e-01
42.2          	-2.273265e-01
42.4          	-2.273265e-01
42.6          	-2.273265e-01
42.8          	-2.273265e-01
43            	-2.254703e-01
43.2          	-2.254703e-01
43.4          	-2.254703e-01
43.6          	-2.254703e-01
43.8          	-2.254703e-01
44            	-2.236773e-01
44.2          	-2.236773e-01
44.4          	-2.236773e-01
44.6          	-2.236773e-01
44.8          	-2.236773e-01
45            	-2.220647e-01
45.2          	-2.220647e-01
45.4          	-2.220647e-01
45.6          	-2.220647e-01
45.8          	-2.220647e-01
46            	-2.205405e-01
46.2          	-2.205405e-01
46.4          	-2.205405e-01
46.6          	-2.205405e-01
46.8          	-2.205405e-01
47            	-2.191808e-01
47.2          	-2.191808e-01
47.4          	-2.191808e-01
47.6          	-2.191808e-01
47.8          	-2.191808e-01
48            	-2.180120e-01
48.2          	-2.180120e-01
48.4          	-2.180120e-01
48.6          	-2.180120e-01
48.8          	-2.180120e-01
49            	-2.169136e-01
49.2          	-2.169136e-01
49.4          	-2.169136e-01
49.6          	-2.169136e-01
49.8          	-2.169136e-01
50            	-2.159325e-01
50.2          	-2.159325e-01
50.4          	-2.159325e-01
50.6          	-2.159325e-01
50.8          	-2.159325e-01
51            	-2.150175e-01
51.2          	-2.150175e-01
51.4          	-2.150175e-01
51.6          	-2.150175e-01
51.8          	-2.150175e-01
52            	-2.141446e-01
52.2          	-2.141446e-01
52.4          	-2.141446e-01
52.6          	-2.141446e-01
52.8          	-2.141446e-01
53            	-2.133112e-01
53.2          	-2.133112e-01
53.4          	-2.133112e-01
53.6          	-2.133112e-01
53.8          	-2.133112e-01
54            	-2.125031e-01
54.2          	-2.125031e-01
54.4          	-2.125031e-01
54.6          	-2.125031e-01
54.8          	-2.125031e-01
55            	-2.116944e-01
55.2          	-2.116944e-01
55.4          	-2.116944e-01
55.6          	-2.116944e-01
55.8          	-2.116944e-01
56            	-2.108909e-01
56.2          	-2.108909e-01
56.4          	-2.108909e-01
56.6          	-2.108909e-01
56.8          	-2.108909e-01
57            	-2.100816e-01
57.2          	-2.100816e-01
57.4          	-2.100816e-01
57.6          	-2.100816e-01
57.8          	-2.100816e-01
58            	-2.092782e-01
58.2          	-2.092782e-01
58.4          	-2.092782e-01
58.6          	-2.092782e-01
58.8          	-2.092782e-01
59            	-2.084829e-01
59.2          	-2.084829e-01
59.4          	-2.084829e-01
59.6          	-2.084829e-01
59.8          	-2.084829e-01
60            	-2.076512e-01
60.2          	-2.076512e-01
60.4          	-2.076512e-01
60.6          	-2.076512e-01
60.8          	-2.076512e-01
61            	-2.069153e-01
61.2          	-2.069153e-01
61.4          	-2.069153e-01
61.6          	-2.069153e-01
61.8          	-2.069153e-01
62            	-2.061994e-01
62.2          	-2.061994e-01
62.4          	-2.061994e-01
62.6          	-2.061994e-01
62.8          	-2.061994e-01
63            	-2.055453e-01
63.2          	-2.055453e-01
63.4          	-2.055453e-01
63.6          	-2.055453e-01
63.8          	-2.055453e-01
64            	-2.049845e-01
64.2          	-2.049845e-01
64.4          	-2.049845e-01
64.6          	-2.049845e-01
64.8          	-2.049845e-01
65            	-2.044632e-01
65.2          	-2.044632e-01
65.4          	-2.044632e-01
65.6          	-2.044632e-01
65.8          	-2.044632e-01
66            	-2.040182e-01
66.2          	-2.040182e-01
66.4          	-2.040182e-01
66.6          	-2.040182e-01
66.8          	-2.040182e-01
67            	-2.036451e-01
67.2          	-2.036451e-01
67.4          	-2.036451e-01
67.6          	-2.036451e-01
67.8          	-2.036451e-01
68            	-2.032349e-01
68.2          	-2.032349e-01
68.4          	-2.032349e-01
68.6          	-2.032349e-01
68.8          	-2.032349e-01
69            	-2.029029e-01
69.2          	-2.029029e-01
69.4          	-2.029029e-01
69.6          	-2.029029e-01
69.8          	-2.029029e-01
70            	-2.025184e-01
70.2          	-2.025184e-01
70.4          	-2.025184e-01
70.6          	-2.025184e-01
70.8          	-2.025184e-01
71            	-2.024040e-01
71.2          	-2.024040e-01
71.4          	-2.024040e-01
71.6          	-2.024040e-01
71.8          	-2.024040e-01
72            	-2.020722e-01
72.2          	-2.020722e-01
72.4          	-2.020722e-01
72.6          	-2.020722e-01
72.8          	-2.020722e-01
73            	-2.016924e-01
73.2          	-2.016924e-01
73.4          	-2.016924e-01
73.6          	-2.016924e-01
73.8          	-2.016924e-01
74            	-2.012754e-01
74.2          	-2.012754e-01
74.4          	-2.012754e-01
74.6          	-2.012754e-01
74.8          	-2.012754e-01
75            	-2.007772e-01
75.2          	-2.007772e-01
75.4          	-2.007772e-01
75.6          	-2.007772e-01
75.8          	-2.007772e-01
76            	-2.002679e-01
76.2          	-2.002679e-01
76.4          	-2.002679e-01
76.6          	-2.002679e-01
76.8          	-2.002679e-01
77            	-1.997271e-01
77.2          	-1.997271e-01
77.4          	-1.997271e-01
77.6          	-1.997271e-01
77.8          	-1.997271e-01
78            	-1.991749e-01
78.2          	-1.991749e-01
78.4          	-1.991749e-01
78.6          	-1.991749e-01
78.8          	-1.991749e-01
79            	-1.986539e-01
79.2          	-1.986539e-01
79.4          	-1.986539e-01
79.6          	-1.986539e-01
79.8          	-1.986539e-01
80            	-1.980688e-01
80.2          	-1.980688e-01
80.4          	-1.980688e-01
80.6          	-1.980688e-01
80.8          	-1.980688e-01
81            	-1.975191e-01
81.2          	-1.975191e-01
81.4          	-1.975191e-01
81.6          	-1.975191e-01
81.8          	-1.975191e-01
82            	-1.969040e-01
82.2          	-1.969040e-01
82.4          	-1.969040e-01
82.6          	-1.969040e-01
82.8          	-1.969040e-01
83            	-1.962601e-01
83.2          	-1.962601e-01
83.4          	-1.962601e-01
83.6          	-1.962601e-01
83.8          	-1.962601e-01
84            	-1.955829e-01
84.2          	-1.955829e-01
84.4          	-1.955829e-01
84.6          	-1.955829e-01
84.8          	-1.955829e-01
85            	-1.948489e-01
85.2          	-1.948489e-01
85.4          	-1.948489e-01
85.6          	-1.948489e-01
85.8          	-1.948489e-01
86            	-1.939975e-01
86.2          	-1.939975e-01
86.4          	-1.939975e-01
86.6          	-1.939975e-01
86.8          	-1.939975e-01
87            	-1.931034e-01
87.2          	-1.931034e-01
87.4          	-1.931034e-01
87.6          	-1.931034e-01
87.8          	-1.931034e-01
88            	-1.921670e-01
88.2          	-1.921670e-01
88.4          	-1.921670e-01
88.6          	-1.921670e-01
88.8          	-1.921670e-01
89            	-1.912637e-01
89.2          	-1.912637e-01
89.4          	-1.912637e-01
89.6          	-1.912637e-01
89.8          	-1.912637e-01
90            	-1.903978e-01
90.2          	-1.903978e-01
90.4          	-1.903978e-01
90.6          	-1.903978e-01
90.8          	-1.903978e-01
91            	-1.896070e-01
91.2          	-1.896070e-01
91.4          	-1.896070e-01
91.6          	-1.896070e-01
91.8          	-1.896070e-01
92            	-1.889452e-01
92.2          	-1.889452e-01
92.4          	-1.889452e-01
92.6          	-1.889452e-01
92.8          	-1.889452e-01
93            	-1.883457e-01
93.2          	-1.883457e-01
93.4          	-1.883457e-01
93.6          	-1.883457e-01
93.8          	-1.883457e-01
94            	-1.877295e-01
94.2          	-1.877295e-01
94.4          	-1.877295e-01
94.6          	-1.877295e-01
94.8          	-1.877295e-01
95            	-1.871330e-01
95.2          	-1.871330e-01
95.4          	-1.871330e-01
95.6          	-1.871330e-01
95.8          	-1.871330e-01
96            	-1.865088e-01
96.2          	-1.865088e-01
96.4          	-1.865088e-01
96.6          	-1.865088e-01
96.8          	-1.865088e-01
97            	-1.857678e-01
97.2          	-1.857678e-01
97.4          	-1.857678e-01
97.6          	-1.857678e-01
97.8          	-1.857678e-01
98            	-1.849504e-01
98.2          	-1.849504e-01
98.4          	-1.849504e-01
98.6          	-1.849504e-01
98.8          	-1.849504e-01
99            	-1.843945e-01
99.2          	-1.843945e-01
99.4          	-1.843945e-01
99.6          	-1.843945e-01
99.8          	-1.843945e-01
100           	-1.838280e-01
100.2         	-1.838280e-01
100.4         	-1.838280e-01
100.6         	-1.838280e-01
100.8         	-1.838280e-01
101           	-1.832193e-01
101.2         	-1.832193e-01
101.4         	-1.832193e-01
101.6         	-1.832193e-01
101.8         	-1.832193e-01
102           	-1.825518e-01
102.2         	-1.825518e-01
102.4         	-1.825518e-01
102.6         	-1.825518e-01
102.8         	-1.825518e-01
103           	-1.825042e-01
103.2         	-1.825042e-01
103.4         	-1.825042e-01
103.6         	-1.825042e-01
103.8         	-1.825042e-01
104           	-1.818974e-01
104.2         	-1.818974e-01
104.4         	-1.818974e-01
104.6         	-1.818974e-01
104.8         	-1.818974e-01
105           	-1.813307e-01
105.2         	-1.813307e-01
105.4         	-1.813307e-01
105.6         	-1.813307e-01
105.8         	-1.813307e-01
106           	-1.807979e-01
106.2         	-1.807979e-01
106.4         	-1.807979e-01
106.6         	-1.807979e-01
106.8         	-1.807979e-01
107           	-1.803286e-01
107.2         	-1.803286e-01
107.4         	-1.803286e-01
107.6         	-1.803286e-01
107.8         	-1.803286e-01
108           	-1.799096e-01
108.2         	-1.799096e-01
108.4         	-1.799096e-01
108.6         	-1.799096e-01
108.8         	-1.799096e-01
109           	-1.796391e-01
109.2         	-1.796391e-01
109.4         	-1.796391e-01
109.6         	-1.796391e-01
109.8         	-1.796391e-01
110           	-1.792717e-01
110.2         	-1.792717e-01
110.4         	-1.792717e-01
110.6         	-1.792717e-01
110.8         	-1.792717e-01
111           	-1.790486e-01
111.2         	-1.790486e-01
111.4         	-1.790486e-01
111.6         	-1.790486e-01
111.8         	-1.790486e-01
112           	-1.788882e-01
112.2         	-1.788882e-01
112.4         	-1.788882e-01
112.6         	-1.788882e-01
112.8         	-1.788882e-01
113           	-1.787770e-01
113.2         	-1.787770e-01
113.4         	-1.787770e-01
113.6         	-1.787770e-01
113.8         	-1.787770e-01
114           	-1.787076e-01
114.2         	-1.787076e-01
114.4         	-1.787076e-01
114.6         	-1.787076e-01
114.8         	-1.787076e-01
115           	-1.786703e-01
115.2         	-1.786703e-01
115.4         	-1.786703e-01
115.6         	-1.786703e-01
115.8         	-1.786703e-01
116           	-1.786603e-01
116.2         	-1.786603e-01
116.4         	-1.786603e-01
116.6         	-1.786603e-01
116.8         	-1.786603e-01
117           	-1.786539e-01
117.2         	-1.786539e-01
117.4         	-1.786539e-01
117.6         	-1.786539e-01
117.8         	-1.786539e-01
118           	-1.786763e-01
118.2         	-1.786763e-01
118.4         	-1.786763e-01
118.6         	-1.786763e-01
118.8         	-1.786763e-01
119           	-1.786919e-01
119.2         	-1.786919e-01
119.4         	-1.786919e-01
119.6         	-1.786919e-01
119.8         	-1.786919e-01
120           	-1.787055e-01
120.2         	-1.787055e-01
120.4         	-1.787055e-01
120.6         	-1.787055e-01
120.8         	-1.787055e-01
121           	-1.787135e-01
121.2         	-1.787135e-01
121.4         	-1.787135e-01
121.6         	-1.787135e-01
121.8         	-1.787135e-01
122           	-1.787141e-01
122.2         	-1.787141e-01
122.4         	-1.787141e-01
122.6         	-1.787141e-01
122.8         	-1.787141e-01
123           	-1.787057e-01
123.2         	-1.787057e-01
123.4         	-1.787057e-01
123.6         	-1.787057e-01
123.8         	-1.787057e-01
124           	-1.786877e-01
124.2         	-1.786877e-01
124.4         	-1.786877e-01
124.6         	-1.786877e-01
124.8         	-1.786877e-01
125           	-1.786604e-01
125.2         	-1.786604e-01
125.4         	-1.786604e-01
125.6         	-1.786604e-01
125.8         	-1.786604e-01
126           	-1.783619e-01
126.2         	-1.783619e-01
126.4         	-1.783619e-01
126.6         	-1.783619e-01
126.8         	-1.783619e-01
127           	-1.782375e-01
127.2         	-1.782375e-01
127.4         	-1.782375e-01
127.6         	-1.782375e-01
127.8         	-1.782375e-01
128           	-1.781922e-01
128.2         	-1.781922e-01
128.4         	-1.781922e-01
128.6         	-1.781922e-01
128.8         	-1.781922e-01
129           	-1.781164e-01
129.2         	-1.781164e-01
129.4         	-1.781164e-01
129.6         	-1.781164e-01
129.8         	-1.781164e-01
130           	-1.778326e-01
130.2         	-1.778326e-01
130.4         	-1.778326e-01
130.6         	-1.778326e-01
130.8         	-1.778326e-01
131           	-1.773525e-01
131.2         	-1.773525e-01
131.4         	-1.773525e-01
131.6         	-1.773525e-01
131.8         	-1.773525e-01
132           	-1.768063e-01
132.2         	-1.768063e-01
132.4         	-1.768063e-01
132.6         	-1.768063e-01
132.8         	-1.768063e-01
133           	-1.762145e-01
133.2         	-1.762145e-01
133.4         	-1.762145e-01
133.6         	-1.762145e-01
133.8         	-1.762145e-01
134           	-1.754856e-01
134.2         	-1.754856e-01
134.4         	-1.754856e-01
134.6         	-1.754856e-01
134.8         	-1.754856e-01
135           	-1.746030e-01
135.2         	-1.746030e-01
135.4         	-1.746030e-01
135.6         	-1.746030e-01
135.8         	-1.746030e-01
136           	-1.735819e-01
136.2         	-1.735819e-01
136.4         	-1.735819e-01
136.6         	-1.735819e-01
136.8         	-1.735819e-01
137           	-1.724585e-01
137.2         	-1.724585e-01
137.4         	-1.724585e-01
137.6         	-1.724585e-01
137.8         	-1.724585e-01
138           	-1.712666e-01
138.2         	-1.712666e-01
138.4         	-1.712666e-01
138.6         	-1.712666e-01
138.8         	-1.712666e-01
139           	-1.699706e-01
139.2         	-1.699706e-01
139.4         	-1.699706e-01
139.6         	-1.699706e-01
139.8         	-1.699706e-01
140           	-1.685832e-01
140.2         	-1.685832e-01
140.4         	-1.685832e-01
140.6         	-1.685832e-01
140.8         	-1.685832e-01
141           	-1.671695e-01
141.2         	-1.671695e-01
141.4         	-1.671695e-01
141.6         	-1.671695e-01
141.8         	-1.671695e-01
142           	-1.657127e-01
142.2         	-1.657127e-01
142.4         	-1.657127e-01
142.6         	-1.657127e-01
142.8         	-1.657127e-01
143           	-1.642587e-01
143.2         	-1.642587e-01
143.4         	-1.642587e-01
143.6         	-1.642587e-01
143.8         	-1.642587e-01
144           	-1.627729e-01
144.2         	-1.627729e-01
144.4         	-1.627729e-01
144.6         	-1.627729e-01
144.8         	-1.627729e-01
145           	-1.613049e-01
145.2         	-1.613049e-01
145.4         	-1.613049e-01
145.6         	-1.613049e-01
145.8         	-1.613049e-01
146           	-1.603748e-01
146.2         	-1.603748e-01
146.4         	-1.603748e-01
146.6         	-1.603748e-01
146.8         	-1.603748e-01
147           	-1.594862e-01
147.2         	-1.594862e-01
147.4         	-1.594862e-01
147.6         	-1.594862e-01
147.8         	-1.594862e-01
148           	-1.586521e-01
148.2         	-1.586521e-01
148.4         	-1.586521e-01
148.6         	-1.586521e-01
148.8         	-1.586521e-01
149           	-1.578863e-01
149.2         	-1.578863e-01
149.4         	-1.578863e-01
149.6         	-1.578863e-01
149.8         	-1.578863e-01
150           	-1.571861e-01
150.2         	-1.571861e-01
150.4         	-1.571861e-01
150.6         	-1.571861e-01
150.8         	-1.571861e-01
151           	-1.565251e-01
151.2         	-1.565251e-01
151.4         	-1.565251e-01
151.6         	-1.565251e-01
151.8         	-1.565251e-01
152           	-1.559935e-01
152.2         	-1.559935e-01
152.4         	-1.559935e-01
152.6         	-1.559935e-01
152.8         	-1.559935e-01
153           	-1.555305e-01
153.2         	-1.555305e-01
153.4         	-1.555305e-01
153.6         	-1.555305e-01
153.8         	-1.555305e-01
154           	-1.551519e-01
154.2         	-1.551519e-01
154.4         	-1.551519e-01
154.6         	-1.551519e-01
154.8         	-1.551519e-01
155           	-1.548258e-01
155.2         	-1.548258e-01
155.4         	-1.548258e-01
155.6         	-1.548258e-01
155.8         	-1.548258e-01
156           	-1.546031e-01
156.2         	-1.546031e-01
156.4         	-1.546031e-01
156.6         	-1.546031e-01
156.8         	-1.546031e-01
157           	-1.544224e-01
157.2         	-1.544224e-01
157.4         	-1.544224e-01
157.6         	-1.544224e-01
157.8         	-1.544224e-01
158           	-1.543007e-01
158.2         	-1.543007e-01
158.4         	-1.543007e-01
158.6         	-1.543007e-01
158.8         	-1.543007e-01
159           	-1.542158e-01
159.2         	-1.542158e-01
159.4         	-1.542158e-01
159.6         	-1.542158e-01
159.8         	-1.542158e-01
160           	-1.541900e-01
160.2         	-1.541900e-01
160.4         	-1.541900e-01
160.6         	-1.541900e-01
160.8         	-1.541900e-01
161           	-1.541930e-01
161.2         	-1.541930e-01
161.4         	-1.541930e-01
161.6         	-1.541930e-01
161.8         	-1.541930e-01
162           	-1.542073e-01
162.2         	-1.542073e-01
162.4         	-1.542073e-01
162.6         	-1.542073e-01
162.8         	-1.542073e-01
163           	-1.542432e-01
163.2         	-1.542432e-01
163.4         	-1.542432e-01
163.6         	-1.542432e-01
163.8         	-1.542432e-01
164           	-1.542957e-01
164.2         	-1.542957e-01
164.4         	-1.542957e-01
164.6         	-1.542957e-01
164.8         	-1.542957e-01
165           	-1.543579e-01
165.2         	-1.543579e-01
165.4         	-1.543579e-01
165.6         	-1.543579e-01
165.8         	-1.543579e-01
166           	-1.544238e-01
166.2         	-1.544238e-01
166.4         	-1.544238e-01
166.6         	-1.544238e-01
166.8         	-1.544238e-01
167           	-1.544948e-01
167.2         	-1.544948e-01
167.4         	-1.544948e-01
167.6         	-1.544948e-01
167.8         	-1.544948e-01
168           	-1.545605e-01
168.2         	-1.545605e-01
168.4         	-1.545605e-01
168.6         	-1.545605e-01
168.8         	-1.545605e-01
169           	-1.546257e-01
169.2         	-1.546257e-01
169.4         	-1.546257e-01
169.6         	-1.546257e-01
169.8         	-1.546257e-01
170           	-1.546873e-01
170.2         	-1.546873e-01
170.4         	-1.546873e-01
170.6         	-1.546873e-01
170.8         	-1.546873e-01
171           	-1.547444e-01
171.2         	-1.547444e-01
171.4         	-1.547444e-01
171.6         	-1.547444e-01
171.8         	-1.547444e-01
172           	-1.547871e-01
172.2         	-1.547871e-01
172.4         	-1.547871e-01
172.6         	-1.547871e-01
172.8         	-1.547871e-01
173           	-1.548363e-01
173.2         	-1.548363e-01
173.4         	-1.548363e-01
173.6         	-1.548363e-01
173.8         	-1.548363e-01
174           	-1.548811e-01
174.2         	-1.548811e-01
174.4         	-1.548811e-01
174.6         	-1.548811e-01
174.8         	-1.548811e-01
175           	-1.549258e-01
175.2         	-1.549258e-01
175.4         	-1.549258e-01
175.6         	-1.549258e-01
175.8         	-1.549258e-01
176           	-1.549665e-01
176.2         	-1.549665e-01
176.4         	-1.549665e-01
176.6         	-1.549665e-01
176.8         	-1.549665e-01
177           	-1.550062e-01
177.2         	-1.550062e-01
177.4         	-1.550062e-01
177.6         	-1.550062e-01
177.8         	-1.550062e-01
178           	-1.550298e-01
178.2         	-1.550298e-01
178.4         	-1.550298e-01
178.6         	-1.550298e-01
178.8         	-1.550298e-01
179           	-1.550543e-01
179.2         	-1.550543e-01
179.4         	-1.550543e-01
179.6         	-1.550543e-01
179.8         	-1.550543e-01
180           	-1.550778e-01
180.2         	-1.550778e-01
180.4         	-1.550778e-01
180.6         	-1.550778e-01
180.8         	-1.550778e-01
181           	-1.550981e-01
181.2         	-1.550981e-01
181.4         	-1.550981e-01
181.6         	-1.550981e-01
181.8         	-1.550981e-01
182           	-1.551186e-01
182.2         	-1.551186e-01
182.4         	-1.551186e-01
182.6         	-1.551186e-01
182.8         	-1.551186e-01
183           	-1.551246e-01
183.2         	-1.551246e-01
183.4         	-1.551246e-01
183.6         	-1.551246e-01
183.8         	-1.551246e-01
184           	-1.551320e-01
184.2         	-1.551320e-01
184.4         	-1.551320e-01
184.6         	-1.551320e-01
184.8         	-1.551320e-01
185           	-1.551450e-01
185.2         	-1.551450e-01
185.4         	-1.551450e-01
185.6         	-1.551450e-01
185.8         	-1.551450e-01
186           	-1.551567e-01
186.2         	-1.551567e-01
186.4         	-1.551567e-01
186.6         	-1.551567e-01
186.8         	-1.551567e-01
187           	-1.551672e-01
187.2         	-1.551672e-01
187.4         	-1.551672e-01
187.6         	-1.551672e-01
187.8         	-1.551672e-01
188           	-1.551764e-01
188.2         	-1.551764e-01
188.4         	-1.551764e-01
188.6         	-1.551764e-01
188.8         	-1.551764e-01
189           	-1.551841e-01
189.2         	-1.551841e-01
189.4         	-1.551841e-01
189.6         	-1.551841e-01
189.8         	-1.551841e-01
190           	-1.551932e-01
190.2         	-1.551932e-01
190.4         	-1.551932e-01
190.6         	-1.551932e-01
190.8         	-1.551932e-01
191           	-1.552018e-01
191.2         	-1.552018e-01
191.4         	-1.552018e-01
191.6         	-1.552018e-01
191.8         	-1.552018e-01
192           	-1.552084e-01
192.2         	-1.552084e-01
192.4         	-1.552084e-01
192.6         	-1.552084e-01
192.8         	-1.552084e-01
193           	-1.552113e-01
193.2         	-1.552113e-01
193.4         	-1.552113e-01
193.6         	-1.552113e-01
193.8         	-1.552113e-01
194           	-1.552137e-01
194.2         	-1.552137e-01
194.4         	-1.552137e-01
194.6         	-1.552137e-01
194.8         	-1.552137e-01
195           	-1.552151e-01
195.2         	-1.552151e-01
195.4         	-1.552151e-01
195.6         	-1.552151e-01
195.8         	-1.552151e-01
196           	-1.552141e-01
196.2         	-1.552141e-01
196.4         	-1.552141e-01
196.6         	-1.552141e-01
196.8         	-1.552141e-01
197           	-1.552149e-01
197.2         	-1.552149e-01
197.4         	-1.552149e-01
197.6         	-1.552149e-01
197.8         	-1.552149e-01
198           	-1.552154e-01
198.2         	-1.552154e-01
198.4         	-1.552154e-01
198.6         	-1.552154e-01
198.8         	-1.552154e-01
199           	-1.552148e-01
199.2         	-1.552148e-01
199.4         	-1.552148e-01
199.6         	-1.552148e-01
199.8         	-1.552148e-01
200           	-1.552135e-01
200.2         	-1.552135e-01
200.4         	-1.552135e-01
200.6         	-1.552135e-01
200.8         	-1.552135e-01
201           	-1.552117e-01
201.2         	-1.552117e-01
201.4         	-1.552117e-01
201.6         	-1.552117e-01
201.8         	-1.552117e-01
202           	-1.552096e-01
202.2         	-1.552096e-01
202.4         	-1.552096e-01
202.6         	-1.552096e-01
202.8         	-1.552096e-01
203           	-1.552075e-01
203.2         	-1.552075e-01
203.4         	-1.552075e-01
203.6         	-1.552075e-01
203.8         	-1.552075e-01
204           	-1.552050e-01
204.2         	-1.552050e-01
204.4         	-1.552050e-01
204.6         	-1.552050e-01
204.8         	-1.552050e-01
205           	-1.552025e-01
205.2         	-1.552025e-01
205.4         	-1.552025e-01
205.6         	-1.552025e-01
205.8         	-1.552025e-01
206           	-1.552058e-01
206.2         	-1.552058e-01
206.4         	-1.552058e-01
206.6         	-1.552058e-01
206.8         	-1.552058e-01
207           	-1.552036e-01
207.2         	-1.552036e-01
207.4         	-1.552036e-01
207.6         	-1.552036e-01
207.8         	-1.552036e-01
208           	-1.551999e-01
208.2         	-1.551999e-01
208.4         	-1.551999e-01
208.6         	-1.551999e-01
208.8         	-1.551999e-01
209           	-1.551933e-01
209.2         	-1.551933e-01
209.4         	-1.551933e-01
209.6         	-1.551933e-01
209.8         	-1.551933e-01
210           	-1.551878e-01
210.2         	-1.551878e-01
210.4         	-1.551878e-01
210.6         	-1.551878e-01
210.8         	-1.551878e-01
211           	-1.551845e-01
211.2         	-1.551845e-01
211.4         	-1.551845e-01
211.6         	-1.551845e-01
211.8         	-1.551845e-01
212           	-1.551813e-01
212.2         	-1.551813e-01
212.4         	-1.551813e-01
212.6         	-1.551813e-01
212.8         	-1.551813e-01
213           	-1.551779e-01
213.2         	-1.551779e-01
213.4         	-1.551779e-01
213.6         	-1.551779e-01
213.8         	-1.551779e-01
214           	-1.551736e-01
214.2         	-1.551736e-01
214.4         	-1.551736e-01
214.6         	-1.551736e-01
214.8         	-1.551736e-01
215           	-1.551691e-01
215.2         	-1.551691e-01
215.4         	-1.551691e-01
215.6         	-1.551691e-01
215.8         	-1.551691e-01
216           	-1.551646e-01
216.2         	-1.551646e-01
216.4         	-1.551646e-01
216.6         	-1.551646e-01
216.8         	-1.551646e-01
217           	-1.551598e-01
217.2         	-1.551598e-01
217.4         	-1.551598e-01
217.6         	-1.551598e-01
217.8         	-1.551598e-01
218           	-1.551545e-01
218.2         	-1.551545e-01
218.4         	-1.551545e-01
218.6         	-1.551545e-01
218.8         	-1.551545e-01
219           	-1.551493e-01
219.2         	-1.551493e-01
219.4         	-1.551493e-01
219.6         	-1.551493e-01
219.8         	-1.551493e-01
220           	-1.551441e-01
220.2         	-1.551441e-01
220.4         	-1.551441e-01
220.6         	-1.551441e-01
220.8         	-1.551441e-01
221           	-1.551379e-01
221.2         	-1.551379e-01
221.4         	-1.551379e-01
221.6         	-1.551379e-01
221.8         	-1.551379e-01
222           	-1.551303e-01
222.2         	-1.551303e-01
222.4         	-1.551303e-01
222.6         	-1.551303e-01
222.8         	-1.551303e-01
223           	-1.551217e-01
223.2         	-1.551217e-01
223.4         	-1.551217e-01
223.6         	-1.551217e-01
223.8         	-1.551217e-01
224           	-1.551121e-01
224.2         	-1.551121e-01
224.4         	-1.551121e-01
224.6         	-1.551121e-01
224.8         	-1.551121e-01
225           	-1.551015e-01
225.2         	-1.551015e-01
225.4         	-1.551015e-01
225.6         	-1.551015e-01
225.8         	-1.551015e-01
226           	-1.550898e-01
226.2         	-1.550898e-01
226.4         	-1.550898e-01
226.6         	-1.550898e-01
226.8         	-1.550898e-01
227           	-1.550768e-01
227.2         	-1.550768e-01
227.4         	-1.550768e-01
227.6         	-1.550768e-01
227.8         	-1.550768e-01
228           	-1.550572e-01
228.2         	-1.550572e-01
228.4         	-1.550572e-01
228.6         	-1.550572e-01
228.8         	-1.550572e-01
229           	-1.550406e-01
229.2         	-1.550406e-01
229.4         	-1.550406e-01
229.6         	-1.550406e-01
229.8         	-1.550406e-01
230           	-1.550241e-01
230.2         	-1.550241e-01
230.4         	-1.550241e-01
230.6         	-1.550241e-01
230.8         	-1.550241e-01
231           	-1.550063e-01
231.2         	-1.550063e-01
231.4         	-1.550063e-01
231.6         	-1.550063e-01
231.8         	-1.550063e-01
232           	-1.549872e-01
232.2         	-1.549872e-01
232.4         	-1.549872e-01
232.6         	-1.549872e-01
232.8         	-1.549872e-01
233           	-1.549668e-01
233.2         	-1.549668e-01
233.4         	-1.549668e-01
233.6         	-1.549668e-01
233.8         	-1.549668e-01
234           	-1.549452e-01
234.2         	-1.549452e-01
234.4         	-1.549452e-01
234.6         	-1.549452e-01
234.8         	-1.549452e-01
235           	-1.549224e-01
235.2         	-1.549224e-01
235.4         	-1.549224e-01
235.6         	-1.549224e-01
235.8         	-1.549224e-01
236           	-1.548984e-01
236.2         	-1.548984e-01
236.4         	-1.548984e-01
236.6         	-1.548984e-01
236.8         	-1.548984e-01
237           	-1.548733e-01
237.2         	-1.548733e-01
237.4         	-1.548733e-01
237.6         	-1.548733e-01
237.8         	-1.548733e-01
238           	-1.548470e-01
238.2         	-1.548470e-01
238.4         	-1.548470e-01
238.6         	-1.548470e-01
238.8         	-1.548470e-01
239           	-1.548197e-01
239.2         	-1.548197e-01
239.4         	-1.548197e-01
239.6         	-1.548197e-01
239.8         	-1.548197e-01
240           	-1.547916e-01
240.2         	-1.547916e-01
240.4         	-1.547916e-01
240.6         	-1.547916e-01
240.8         	-1.547916e-01
241           	-1.547624e-01
241.2         	-1.547624e-01
241.4         	-1.547624e-01
241.6         	-1.547624e-01
241.8         	-1.547624e-01
242           	-1.547327e-01
242.2         	-1.547327e-01
242.4         	-1.547327e-01
242.6         	-1.547327e-01
242.8         	-1.547327e-01
243           	-1.547024e-01
243.2         	-1.547024e-01
243.4         	-1.547024e-01
243.6         	-1.547024e-01
243.8         	-1.547024e-01
244           	-1.546717e-01
244.2         	-1.546717e-01
244.4         	-1.546717e-01
244.6         	-1.546717e-01
244.8         	-1.546717e-01
245           	-1.546406e-01
245.2         	-1.546406e-01
245.4         	-1.546406e-01
245.6         	-1.546406e-01
245.8         	-1.546406e-01
246           	-1.546093e-01
246.2         	-1.546093e-01
246.4         	-1.546093e-01
246.6         	-1.546093e-01
246.8         	-1.546093e-01
247           	-1.545777e-01
247.2         	-1.545777e-01
247.4         	-1.545777e-01
247.6         	-1.545777e-01
247.8         	-1.545777e-01
248           	-1.545459e-01
248.2         	-1.545459e-01
248.4         	-1.545459e-01
248.6         	-1.545459e-01
248.8         	-1.545459e-01
249           	-1.545142e-01
249.2         	-1.545142e-01
249.4         	-1.545142e-01
249.6         	-1.545142e-01
249.8         	-1.545142e-01
250           	-1.544828e-01
250.2         	-1.544828e-01
250.4         	-1.544828e-01
250.6         	-1.544828e-01
250.8         	-1.544828e-01
251           	-1.544515e-01
251.2         	-1.544515e-01
251.4         	-1.544515e-01
251.6         	-1.544515e-01
251.8         	-1.544515e-01
252           	-1.544206e-01
252.2         	-1.544206e-01
252.4         	-1.544206e-01
252.6         	-1.544206e-01
252.8         	-1.544206e-01
253           	-1.543901e-01
253.2         	-1.543901e-01
253.4         	-1.543901e-01
253.6         	-1.543901e-01
253.8         	-1.543901e-01
254           	-1.543601e-01
254.2         	-1.543601e-01
254.4         	-1.543601e-01
254.6         	-1.543601e-01
254.8         	-1.543601e-01
255           	-1.543308e-01
255.2         	-1.543308e-01
255.4         	-1.543308e-01
255.6         	-1.543308e-01
255.8         	-1.543308e-01
256           	-1.543020e-01
256.2         	-1.543020e-01
256.4         	-1.543020e-01
256.6         	-1.543020e-01
256.8         	-1.543020e-01
257           	-1.542715e-01
257.2         	-1.542715e-01
257.4         	-1.542715e-01
257.6         	-1.542715e-01
257.8         	-1.542715e-01
258           	-1.542449e-01
258.2         	-1.542449e-01
258.4         	-1.542449e-01
258.6         	-1.542449e-01
258.8         	-1.542449e-01
259           	-1.542197e-01
259.2         	-1.542197e-01
259.4         	-1.542197e-01
259.6         	-1.542197e-01
259.8         	-1.542197e-01
260           	-1.541946e-01
260.2         	-1.541946e-01
260.4         	-1.541946e-01
260.6         	-1.541946e-01
260.8         	-1.541946e-01
261           	-1.541705e-01
261.2         	-1.541705e-01
261.4         	-1.541705e-01
261.6         	-1.541705e-01
261.8         	-1.541705e-01
262           	-1.541474e-01
262.2         	-1.541474e-01
262.4         	-1.541474e-01
262.6         	-1.541474e-01
262.8         	-1.541474e-01
263           	-1.541253e-01
263.2         	-1.541253e-01
263.4         	-1.541253e-01
263.6         	-1.541253e-01
263.8         	-1.541253e-01
264           	-1.541044e-01
264.2         	-1.541044e-01
264.4         	-1.541044e-01
264.6         	-1.541044e-01
264.8         	-1.541044e-01
265           	-1.540840e-01
265.2         	-1.540840e-01
265.4         	-1.540840e-01
265.6         	-1.540840e-01
265.8         	-1.540840e-01
266           	-1.540648e-01
266.2         	-1.540648e-01
266.4         	-1.540648e-01
266.6         	-1.540648e-01
266.8         	-1.540648e-01
267           	-1.540467e-01
267.2         	-1.540467e-01
267.4         	-1.540467e-01
267.6         	-1.540467e-01
267.8         	-1.540467e-01
268           	-1.540295e-01
268.2         	-1.540295e-01
268.4         	-1.540295e-01
268.6         	-1.540295e-01
268.8         	-1.540295e-01
269           	-1.540132e-01
269.2         	-1.540132e-01
269.4         	-1.540132e-01
269.6         	-1.540132e-01
269.8         	-1.540132e-01
270           	-1.539978e-01
270.2         	-1.539978e-01
270.4         	-1.539978e-01
270.6         	-1.539978e-01
270.8         	-1.539978e-01
271           	-1.539833e-01
271.2         	-1.539833e-01
271.4         	-1.539833e-01
271.6         	-1.539833e-01
271.8         	-1.539833e-01
272           	-1.539696e-01
272.2         	-1.539696e-01
272.4         	-1.539696e-01
272.6         	-1.539696e-01
272.8         	-1.539696e-01
273           	-1.539564e-01
273.2         	-1.539564e-01
273.4         	-1.539564e-01
273.6         	-1.539564e-01
273.8         	-1.539564e-01
274           	-1.539444e-01
274.2         	-1.539444e-01
274.4         	-1.539444e-01
274.6         	-1.539444e-01
274.8         	-1.539444e-01
275           	-1.539330e-01
275.2         	-1.539330e-01
275.4         	-1.539330e-01
275.6         	-1.539330e-01
275.8         	-1.539330e-01
276           	-1.539223e-01
276.2         	-1.539223e-01
276.4         	-1.539223e-01
276.6         	-1.539223e-01
276.8         	-1.539223e-01
277           	-1.539125e-01
277.2         	-1.539125e-01
277.4         	-1.539125e-01
277.6         	-1.539125e-01
277.8         	-1.539125e-01
278           	-1.539032e-01
278.2         	-1.539032e-01
278.4         	-1.539032e-01
278.6         	-1.539032e-01
278.8         	-1.539032e-01
279           	-1.538947e-01
279.2         	-1.538947e-01
279.4         	-1.538947e-01
279.6         	-1.538947e-01
279.8         	-1.538947e-01
280           	-1.538867e-01
280.2         	-1.538867e-01
280.4         	-1.538867e-01
280.6         	-1.538867e-01
280.8         	-1.538867e-01
281           	-1.538785e-01
281.2         	-1.538785e-01
281.4         	-1.538785e-01
281.6         	-1.538785e-01
281.8         	-1.538785e-01
282           	-1.538720e-01
282.2         	-1.538720e-01
282.4         	-1.538720e-01
282.6         	-1.538720e-01
282.8         	-1.538720e-01
283           	-1.538652e-01
283.2         	-1.538652e-01
283.4         	-1.538652e-01
283.6         	-1.538652e-01
283.8         	-1.538652e-01
284           	-1.538588e-01
284.2         	-1.538588e-01
284.4         	-1.538588e-01
284.6         	-1.538588e-01
284.8         	-1.538588e-01
285           	-1.538528e-01
285.2         	-1.538528e-01
285.4         	-1.538528e-01
285.6         	-1.538528e-01
285.8         	-1.538528e-01
286           	-1.538472e-01
286.2         	-1.538472e-01
286.4         	-1.538472e-01
286.6         	-1.538472e-01
286.8         	-1.538472e-01
287           	-1.538420e-01
287.2         	-1.538420e-01
287.4         	-1.538420e-01
287.6         	-1.538420e-01
287.8         	-1.538420e-01
288           	-1.538372e-01
288.2         	-1.538372e-01
288.4         	-1.538372e-01
288.6         	-1.538372e-01
288.8         	-1.538372e-01
289           	-1.538326e-01
289.2         	-1.538326e-01
289.4         	-1.538326e-01
289.6         	-1.538326e-01
289.8         	-1.538326e-01
290           	-1.538285e-01
290.2         	-1.538285e-01
290.4         	-1.538285e-01
290.6         	-1.538285e-01
290.8         	-1.538285e-01
291           	-1.538246e-01
291.2         	-1.538246e-01
291.4         	-1.538246e-01
291.6         	-1.538246e-01
291.8         	-1.538246e-01
292           	-1.538210e-01
292.2         	-1.538210e-01
292.4         	-1.538210e-01
292.6         	-1.538210e-01
292.8         	-1.538210e-01
293           	-1.538282e-01
293.2         	-1.538282e-01
293.4         	-1.538282e-01
293.6         	-1.538282e-01
293.8         	-1.538282e-01
294           	-1.538439e-01
294.2         	-1.538439e-01
294.4         	-1.538439e-01
294.6         	-1.538439e-01
294.8         	-1.538439e-01
295           	-1.538117e-01
295.2         	-1.538117e-01
295.4         	-1.538117e-01
295.6         	-1.538117e-01
295.8         	-1.538117e-01
296           	-1.538087e-01
296.2         	-1.538087e-01
296.4         	-1.538087e-01
296.6         	-1.538087e-01
296.8         	-1.538087e-01
297           	-1.538061e-01
297.2         	-1.538061e-01
297.4         	-1.538061e-01
297.6         	-1.538061e-01
297.8         	-1.538061e-01
298           	-1.538035e-01
298.2         	-1.538035e-01
298.4         	-1.538035e-01
298.6         	-1.538035e-01
298.8         	-1.538035e-01
299           	-1.538010e-01
299.2         	-1.538010e-01
299.4         	-1.538010e-01
299.6         	-1.538010e-01
299.8         	-1.538010e-01
300           	-1.537987e-01
300.2         	-1.537987e-01
300.4         	-1.537987e-01
300.6         	-1.537987e-01
300.8         	-1.537987e-01
301           	-1.537964e-01
301.2         	-1.537964e-01
301.4         	-1.537964e-01
301.6         	-1.537964e-01
301.8         	-1.537964e-01
302           	-1.537943e-01
302.2         	-1.537943e-01
302.4         	-1.537943e-01
302.6         	-1.537943e-01
302.8         	-1.537943e-01
303           	-1.537922e-01
303.2         	-1.537922e-01
303.4         	-1.537922e-01
303.6         	-1.537922e-01
303.8         	-1.537922e-01
304           	-1.537900e-01
304.2         	-1.537900e-01
304.4         	-1.537900e-01
304.6         	-1.537900e-01
304.8         	-1.537900e-01
305           	-1.537880e-01
305.2         	-1.537880e-01
305.4         	-1.537880e-01
305.6         	-1.537880e-01
305.8         	-1.537880e-01
306           	-1.537877e-01
306.2         	-1.537877e-01
306.4         	-1.537877e-01
306.6         	-1.537877e-01
306.8         	-1.537877e-01
307           	-1.537858e-01
307.2         	-1.537858e-01
307.4         	-1.537858e-01
307.6         	-1.537858e-01
307.8         	-1.537858e-01
308           	-1.537841e-01
308.2         	-1.537841e-01
308.4         	-1.537841e-01
308.6         	-1.537841e-01
308.8         	-1.537841e-01
309           	-1.537824e-01
309.2         	-1.537824e-01
309.4         	-1.537824e-01
309.6         	-1.537824e-01
309.8         	-1.537824e-01
310           	-1.537807e-01
310.2         	-1.537807e-01
310.4         	-1.537807e-01
310.6         	-1.537807e-01
310.8         	-1.537807e-01
311           	-1.537791e-01
311.2         	-1.537791e-01
311.4         	-1.537791e-01
311.6         	-1.537791e-01
311.8         	-1.537791e-01
312           	-1.537774e-01
312.2         	-1.537774e-01
312.4         	-1.537774e-01
312.6         	-1.537774e-01
312.8         	-1.537774e-01
313           	-1.537758e-01
313.2         	-1.537758e-01
313.4         	-1.537758e-01
313.6         	-1.537758e-01
313.8         	-1.537758e-01
314           	-1.537741e-01
314.2         	-1.537741e-01
314.4         	-1.537741e-01
314.6         	-1.537741e-01
314.8         	-1.537741e-01
315           	-1.537724e-01
315.2         	-1.537724e-01
315.4         	-1.537724e-01
315.6         	-1.537724e-01
315.8         	-1.537724e-01
316           	-1.537705e-01
316.2         	-1.537705e-01
316.4         	-1.537705e-01
316.6         	-1.537705e-01
316.8         	-1.537705e-01
317           	-1.537686e-01
317.2         	-1.537686e-01
317.4         	-1.537686e-01
317.6         	-1.537686e-01
317.8         	-1.537686e-01
318           	-1.537666e-01
318.2         	-1.537666e-01
318.4         	-1.537666e-01
318.6         	-1.537666e-01
318.8         	-1.537666e-01
319           	-1.537648e-01
319.2         	-1.537648e-01
319.4         	-1.537648e-01
319.6         	-1.537648e-01
319.8         	-1.537648e-01
320           	-1.537629e-01
320.2         	-1.537629e-01
320.4         	-1.537629e-01
320.6         	-1.537629e-01
320.8         	-1.537629e-01
321           	-1.537610e-01
321.2         	-1.537610e-01
321.4         	-1.537610e-01
321.6         	-1.537610e-01
321.8         	-1.537610e-01
322           	-1.537590e-01
322.2         	-1.537590e-01
322.4         	-1.537590e-01
322.6         	-1.537590e-01
322.8         	-1.537590e-01
323           	-1.537572e-01
323.2         	-1.537572e-01
323.4         	-1.537572e-01
323.6         	-1.537572e-01
323.8         	-1.537572e-01
324           	-1.537555e-01
324.2         	-1.537555e-01
324.4         	-1.537555e-01
324.6         	-1.537555e-01
324.8         	-1.537555e-01
325           	-1.537538e-01
325.2         	-1.537538e-01
325.4         	-1.537538e-01
325.6         	-1.537538e-01
325.8         	-1.537538e-01
326           	-1.537521e-01
326.2         	-1.537521e-01
326.4         	-1.537521e-01
326.6         	-1.537521e-01
326.8         	-1.537521e-01
327           	-1.537505e-01
327.2         	-1.537505e-01
327.4         	-1.537505e-01
327.6         	-1.537505e-01
327.8         	-1.537505e-01
328           	-1.537488e-01
328.2         	-1.537488e-01
328.4         	-1.537488e-01
328.6         	-1.537488e-01
328.8         	-1.537488e-01
329           	-1.537472e-01
329.2         	-1.537472e-01
329.4         	-1.537472e-01
329.6         	-1.537472e-01
329.8         	-1.537472e-01
330           	-1.537457e-01
330.2         	-1.537457e-01
330.4         	-1.537457e-01
330.6         	-1.537457e-01
330.8         	-1.537457e-01
331           	-1.537440e-01
331.2         	-1.537440e-01
331.4         	-1.537440e-01
331.6         	-1.537440e-01
331.8         	-1.537440e-01
332           	-1.537423e-01
332.2         	-1.537423e-01
332.4         	-1.537423e-01
332.6         	-1.537423e-01
332.8         	-1.537423e-01
333           	-1.537407e-01
333.2         	-1.537407e-01
333.4         	-1.537407e-01
333.6         	-1.537407e-01
333.8         	-1.537407e-01
334           	-1.537391e-01
334.2         	-1.537391e-01
334.4         	-1.537391e-01
334.6         	-1.537391e-01
334.8         	-1.537391e-01
335           	-1.537375e-01
335.2         	-1.537375e-01
335.4         	-1.537375e-01
335.6         	-1.537375e-01
335.8         	-1.537375e-01
336           	-1.537359e-01
336.2         	-1.537359e-01
336.4         	-1.537359e-01
336.6         	-1.537359e-01
336.8         	-1.537359e-01
337           	-1.537343e-01
337.2         	-1.537343e-01
337.4         	-1.537343e-01
337.6         	-1.537343e-01
337.8         	-1.537343e-01
338           	-1.537328e-01
338.2         	-1.537328e-01
338.4         	-1.537328e-01
338.6         	-1.537328e-01
338.8         	-1.537328e-01
339           	-1.537312e-01
