-1.975700484	1.20251551
-2.120338904	1.154273937
-1.589332624	1.204616446
-0.816566396	0.82480024
-0.818527743	0.627305707
-0.820554467	0.423228022
-0.822515814	0.225733488
-0.826503886	-0.175838731
-0.828530611	-0.379916416
-0.548482996	1.20655908
-0.536159201	0.995894757
-0.458775902	0.804141303
-0.525665996	0.600902203
-0.600033724	0.370509348
-0.558420485	0.205920109
-0.562408557	-0.19565211
-0.608009867	-0.43263509
-0.363233803	0.021544224
-0.290696665	1.035334388
-0.29290318	0.813153037
-0.274907825	1.173577075
-0.280661108	0.594259776
-0.284845314	0.172938104
-0.288833386	-0.228634115
0.011154587	-0.505199686
0.591083935	-0.173712922
0.849597598	-0.271700058
1.08205804	-0.089896297
1.315368398	0.177488428
1.576186643	0.311557369
1.750517673	0.446470125
1.953034889	0.51636729
2.11241065	0.596972536
2.617637207	0.664327796
3.194787981	0.716030637
3.916220319	0.780042019
4.594026314	0.805936444
5.070807896	-0.539339322
5.862603545	0.803435218
6.713582831	0.847665765
7.621746268	0.843605923
8.08782489	-0.127798232
8.51581525	0.871916727
9.366598401	0.89639782
10.26111958	-0.481346224
10.36110468	0.876956371
11.25499932	0.887712105
12.26411218	0.887468027
13.05710098	0.898796765
14.95087381	-0.504424446
15.24882416	-0.502302123
15.36335046	0.868614691
