0.590156256	-0.171571324
0.843311995	-0.280476093
1.067606683	-0.095496331
1.324545706	0.176550366
1.564261779	0.314360865
1.756272444	0.448554786
1.9157829	0.510194209
2.107253096	0.589966491
2.616483107	0.666033797
3.204909862	0.716685123
3.936452841	0.778186186
4.604148401	0.810677748
5.859333902	0.799489797
6.717851095	0.846447677
7.607679466	0.84623245
8.513649848	0.871410144
9.387768583	0.889339307
10.37282761	0.878216692
11.24691032	0.892517745
12.26385703	0.892271772
13.04256495	0.902967776
15.36215035	0.869753666
