0.622872653	-0.077248171
0.701673052	-0.142573354
0.843672308	-0.244195001
0.906366726	-0.331284995
1.272084169	-0.305976628
1.258104034	-0.113682997
1.306674193	-0.022991797
1.562063871	0.093046204
1.594924394	0.201881793
1.660249096	0.379643771
1.979486194	0.524691272
2.298543135	0.651598227
2.871692629	0.763931252
3.31703919	0.807360949
3.825908889	0.847147164
4.223658135	0.897844609
5.463242094	0.915685375
6.019853233	0.962716278
7.211984002	1.002337229
8.323945184	0.969415212
9.563925487	1.027165179
11.0097885	1.015931108
