#      distance         UMean_x         UMean_y         UMean_z
      1.0050251       1.0000022  -2.4776767e-05  -1.0704167e-05
      2.0100503      0.99999788  -9.3103797e-05  -3.2115471e-05
      3.0150754      0.99998356   -0.0001946424  -4.7559535e-05
      4.0201005      0.99994721   1.5711471e-05   -1.628428e-05
      5.0251256      0.99989866   0.00051373406   4.4664221e-06
      6.0301508      0.99987807   0.00054059509   2.6148752e-05
      7.0351759      0.99985336   0.00027172736   2.5274026e-05
       8.040201      0.99979955  -0.00030679027   -8.754125e-06
      9.0452261      0.99974396  -0.00015514657   3.0669555e-05
      10.050251      0.99968244    0.0002773385   4.4230939e-05
      11.055276      0.99964681    0.0004358658    5.964057e-06
      12.060302      0.99960283   0.00029449902   6.4472609e-05
      13.065327      0.99951286  -0.00011259473  -3.6069788e-05
      14.070352      0.99942143   0.00028601101   3.0748133e-05
      15.075377       0.9993541   0.00051097889   3.0260357e-05
      16.080402      0.99925701   0.00024614489   9.1038495e-05
      17.085427      0.99915253   -0.0004844623   6.3937685e-05
      18.090452      0.99902118   -0.0011189262  -4.3989999e-06
      19.095477      0.99887202   -6.638927e-05  -4.1116617e-05
      20.100503      0.99876629   4.4078125e-05  -2.8027094e-05
      21.105528       0.9987043   0.00075362817   7.3780798e-05
      22.110553      0.99855121   7.3809645e-05   4.6270128e-05
      23.115578       0.9983204   8.8245085e-05  -3.4621761e-05
      24.120603      0.99812399  -2.4862534e-05  -8.9996847e-05
      25.125628      0.99809177   -0.0004206886    -0.000308896
      26.130653      0.99799491  -0.00053721349   -0.0003506582
      27.135678      0.99778768  -0.00056711515  -0.00014383869
      28.140704       0.9977975    0.0009158183  -0.00040157743
      29.145729      0.99757556    0.0012629962  -0.00053095385
      30.150754      0.99717268  -0.00083168366  -0.00044421857
      31.155779      0.99671804   -0.0019997946  -0.00023469831
      32.160804      0.99649422   0.00016647335  -0.00038783033
      33.165829       0.9959979    0.0010889081  -0.00048724805
      34.170854      0.99574619   4.8017559e-05  -0.00045778518
      35.175879      0.99548506  -0.00053260355  -0.00037611724
      36.180905      0.99536307    0.0012086155  -0.00031928838
       37.18593      0.99485737     0.001312496  -9.5186566e-05
      38.190955       0.9944607    0.0015231705   -9.007876e-05
       39.19598      0.99408962   -0.0004261126   6.2703972e-05
      40.201005      0.99358936    0.0012370407   0.00050790599
       41.20603      0.99315342    0.0010334921   0.00066416533
      42.211055      0.99267189  -0.00038040663   0.00058507713
       43.21608      0.99205795   -0.0038046573   0.00030544218
      44.221106      0.99176924    -0.002568997   0.00041741502
      45.226131      0.99145867    -0.001223263   0.00040385333
      46.231156      0.99059461    0.0012538969  -0.00049638742
      47.236181      0.99015239   5.8045006e-05   -0.0006688163
      48.241206       0.9896455   -0.0031391183  -6.1591562e-05
      49.246231      0.98916681   -0.0053518084   0.00093502968
      50.251256       0.9879644   -0.0038600766    0.0004047685
      51.256281       0.9869552  -0.00039273822  -0.00069917329
      52.261307      0.98619155    -0.004196709   0.00066054209
      53.266332      0.98572985   -0.0025934056   0.00051504325
      54.271357      0.98495983   -0.0025894553  -0.00031859305
      55.276382      0.98384589    0.0017936227   -0.0018762888
      56.281407      0.98264323    0.0031710504   -0.0017082431
      57.286432       0.9812794    0.0042436767    -0.001020061
      58.291457      0.97948049    0.0032120319  -0.00095589994
      59.296482      0.97823266   0.00091104745  -0.00017742911
      60.301508      0.97721334  -0.00084994747   -0.0015043369
      61.306533      0.97541032    0.0014870267   0.00061126851
      62.311558       0.9744533  -0.00059515384   7.9848708e-05
      63.316583      0.97302695    0.0012787655   -0.0013234299
      64.321608      0.97141901  -0.00084315153   -0.0033615531
      65.326633       0.9700422   0.00022485443   -0.0026659552
      66.331658      0.96936625    0.0020123458   -0.0048907311
      67.336683      0.96707416     0.005301773   -0.0012071437
      68.341709      0.96365662   -0.0051083496    0.0011839195
      69.346734      0.96210725   -0.0041520282   0.00021486116
      70.351759      0.95874915    0.0039229354   -0.0028096166
      71.356784      0.95725317    0.0031747913   -0.0056035773
      72.361809      0.95472053   -0.0093862067   -0.0038541503
      73.366834      0.95084754    -0.005199805   -0.0024651219
      74.371859      0.94715031   -0.0032101804   -0.0018455847
      75.376884      0.94358508   -0.0022080817   -0.0015860335
       76.38191       0.9393418   -0.0019628885   -0.0015567419
      77.386935      0.93428691    -0.001066036   -0.0017599825
       78.39196      0.92946084  -0.00032185255   -0.0023894939
      79.396985      0.92322871  -0.00056059467   -0.0025927672
       80.40201      0.91695949  -0.00066303567   -0.0024762029
      81.407035      0.90988752  -0.00055863544   -0.0025291041
       82.41206      0.90186818  -0.00046866127   -0.0024344585
      83.417085      0.89281488  -0.00046643436   -0.0023439937
      84.422111      0.88247744  -0.00050980419   -0.0023035328
      85.427136      0.87045434     -0.00050689   -0.0023057022
      86.432161      0.85651431  -0.00045775601   -0.0021407173
      87.437186      0.83997181  -0.00038900731   -0.0019252575
      88.442211      0.82041936  -0.00036865601   -0.0018522747
      89.447236      0.79647383  -0.00041561896   -0.0018127302
      90.452261      0.76683769  -0.00039574339   -0.0015919306
      91.457286      0.72889266    0.0024958081  -0.00099928756
      92.462312       0.6716756    0.0018929676   -0.0016131799
      93.467337      0.54263904   0.00041727914   -0.0038440026


      95.477387    -0.048739966    0.0086525738    0.0048506063
      96.482412    -0.074139388     0.028988117   -0.0032972555
      97.487437      0.42703303    0.0032251643   -0.0035208154


      99.497487     -0.22112287    -0.007008159   -0.0081470764
      100.50251      0.05827006    0.0013311246    -0.015392491


      102.51256    0.0086468507     0.034404667    -0.018427818
      103.51759      0.27476168    0.0070921624   -0.0080655243
      104.52261      0.21776519      -0.0179927   -0.0073075541


      106.53266     -0.11036933    0.0027195786    -0.003226877
      107.53769     0.031662536   -0.0096777661    0.0065981766
      108.54271      0.11873129   -0.0026343678     0.014045283
      109.54774      0.16218779   -0.0079035362     0.014206558
      110.55276       0.1752501   -0.0075967683     0.014018663
      111.55779      0.18098063   -0.0059497275     0.010532668
      112.56281      0.18010616   -0.0042914818   0.00085783307
      113.56784      0.17963939    -0.002058455   -0.0023758629
      114.57286      0.17809597  -0.00060668181   -0.0019116645
      115.57789      0.17452844  -0.00059103089   -0.0016565375
      116.58291      0.16789924   0.00064979867  -0.00098545615
      117.58794      0.16009454   0.00099688003  -0.00029963752
      118.59296      0.15355528   0.00016163631   0.00047933327
      119.59799       0.1480541    0.0011237442   -0.0017688138
      120.60302      0.14214789     0.003450085   -0.0039136382
      121.60804      0.13727566     0.003776954   -0.0056780545
      122.61307      0.12812985    0.0032487225   -0.0049783105
      123.61809      0.12005553    0.0031238231  -0.00086973555
      124.62312       0.1156637  -0.00054252566    0.0011879668
      125.62814      0.10793879   -0.0063519707    0.0011060841
      126.63317     0.096693443   -0.0055407238    0.0037379061
      127.63819     0.091965967   0.00013713434    0.0053680284
      128.64322     0.093539833    0.0029518817    0.0035853033
      129.64824     0.094825512    0.0016498024   0.00020093727
      130.65327     0.093484829   -0.0010994406  -0.00025622113
      131.65829     0.093530105   -0.0041876934  -0.00077349659
      132.66332     0.092693715   -0.0028382465    0.0044783217
      133.66834     0.086586178    0.0014217793    0.0081220999
      134.67337     0.079853647   -0.0043275159    0.0038340143
      135.67839     0.077849614    -0.007786055     0.005319692
      136.68342     0.074061882    -0.014891794    0.0019657139
      137.68844     0.069150383    -0.022393043  -0.00093312311
      138.69347     0.060511086    -0.019045523  -0.00044425439
      139.69849     0.059634885    -0.026111339  -0.00070201615
      140.70352     0.074218828    -0.031431946   -0.0030288308
      141.70854     0.097230969    -0.016388457     0.008683564
      142.71357      0.11335841   -0.0021160989    0.0057276199
      143.71859      0.11798966      0.00146065   -0.0034473448
      144.72362      0.12379019    0.0072506738   0.00085581544
      145.72864      0.13664206    0.0098845429   -0.0011681528
      146.73367      0.14553476    0.0042289374    0.0036577604
      147.73869       0.1526603    0.0017676086    0.0060908313
      148.74372      0.16137491   -0.0048133186  -0.00068858794
      149.74874      0.17395373    0.0045262297    -0.003467448
      150.75377      0.19057412    0.0025195809    -0.001671912
      151.75879      0.21053758   -0.0013159668    0.0010840779
      152.76382      0.23345775    0.0040452022    0.0031402637
      153.76884      0.25509977   0.00053756716   -0.0006111936
      154.77387      0.27749699   -0.0055053724    0.0096947094
      155.77889      0.29460323    -0.008837601    0.0087181154
      156.78392      0.32001307   -0.0065995193     0.011506304
      157.78894      0.33992901   -0.0079207683    0.0062402724
      158.79397      0.35795402     -0.00604194    0.0034100494
      159.79899      0.37908348    0.0085387357    0.0037004787
      160.80402      0.40035433     0.014520435   0.00076663236
      161.80905      0.42811563     0.020137788   -0.0025496422
      162.81407      0.44800315      0.01600122  -0.00082812743
       163.8191      0.46415398    0.0073956339    0.0035816519
      164.82412      0.47597736    0.0019306959    0.0013882996
      165.82915      0.49667378    0.0038886533   -0.0044944545
      166.83417      0.51818782     0.010579856   -0.0019647738
       167.8392      0.53699802     0.019575128   -0.0014829315
      168.84422      0.55736153      0.02452695    0.0028632207
      169.84925      0.57488288     0.023037717    0.0079311871
      170.85427       0.5885377     0.026102109    0.0091749468
       171.8593      0.59882556     0.025385219    0.0075550304
      172.86432      0.61171328      0.02170083    0.0064006135
      173.86935       0.6272059     0.015484042    0.0067056704
      174.87437       0.6395357     0.010519979    0.0043094434
       175.8794      0.64341294    0.0045576839    0.0020345556
      176.88442      0.64616648   0.00046788067  -0.00012251327
      177.88945      0.65147022    -0.002034245  -0.00060760709
      178.89447      0.65971272   -0.0065747441    0.0020633461
       179.8995      0.66831471    -0.010240052    0.0043236288
      180.90452      0.67775883    -0.013583983    0.0034339644
      181.90955      0.68592944     -0.01811079    0.0023362268
      182.91457       0.6919705    -0.020180462    0.0019229983
       183.9196      0.69405814    -0.019583548   0.00077509512
      184.92462      0.69480838    -0.017334652    4.279449e-05
      185.92965      0.69644664    -0.014663996   -0.0001955915
      186.93467      0.70070445     -0.01399851    0.0014738885
       187.9397      0.70505259   -0.0099240516     0.002768164
      188.94472      0.70603234   -0.0053588625    0.0029796357
      189.94975      0.70729044   -0.0037383667    0.0037386913
      190.95477       0.7072969    0.0038204478    0.0040617143
       191.9598       0.7096277    0.0048760261    0.0027031051
      192.96482      0.71582435    0.0065884724    0.0019744749
      193.96985      0.73133449    0.0075203607    0.0025557309
      194.97487      0.73058724     0.011002056    0.0017668341
       195.9799      0.72168164     0.016931155    0.0016340868
      196.98492      0.71525547     0.020757133    0.0049580697
      197.98995      0.71373094     0.026742106     0.012082654
      198.99497      0.71515372     0.027653988    0.0059011943