#    distance           U_x           U_y           U_z
      1.00503      0.999994  -2.13613e-06    3.5727e-07
      2.01005      0.999984   -1.0261e-06   5.05427e-07
      3.01508      0.999974  -3.25727e-06   9.89164e-07
       4.0201      0.999957   5.73403e-07   9.99174e-07
      5.02513      0.999935  -5.18036e-06   -1.2092e-06
      6.03015      0.999912  -3.43452e-06  -4.02786e-06
      7.03518       0.99988  -6.91001e-06  -5.12243e-06
       8.0402      0.999846  -9.56199e-06  -4.50146e-06
      9.04523      0.999805  -6.86455e-06  -3.87859e-07
      10.0503      0.999761  -5.22973e-06   3.08417e-07
      11.0553      0.999707  -2.31203e-06   1.25795e-07
      12.0603      0.999649  -1.21151e-05  -2.15527e-07
      13.0653      0.999577  -1.02646e-05   1.37356e-06
      14.0704      0.999507  -1.35689e-05   5.71583e-07
      15.0754      0.999427  -1.65357e-05   2.90483e-07
      16.0804      0.999334  -8.38873e-06  -6.01108e-06
      17.0854      0.999235   7.25313e-07  -9.03861e-06
      18.0905      0.999133  -1.33286e-05  -3.27082e-06
      19.0955       0.99902  -1.81835e-06  -3.02325e-06
      20.1005      0.998894  -9.65721e-06  -4.13608e-06
      21.1055      0.998766  -1.14016e-05  -8.23276e-07
      22.1106       0.99862   5.14285e-06  -6.18214e-06
      23.1156      0.998466   1.11177e-05  -6.57638e-06
      24.1206      0.998315  -1.19365e-05   8.54308e-07
      25.1256      0.998121  -6.43567e-06   1.60833e-07
      26.1307       0.99793   8.73277e-06   -1.6105e-07
      27.1357      0.997744   -1.1464e-07   1.79902e-06
      28.1407      0.997555   2.17101e-05   5.02984e-06
      29.1457      0.997319  -1.22108e-05   1.73554e-06
      30.1508      0.997085  -2.55045e-05   -1.7803e-05
      31.1558       0.99683  -3.29154e-06  -2.77971e-05
      32.1608      0.996588  -1.02064e-05  -7.73392e-06
      33.1658      0.996348   1.80285e-05   1.79294e-05
      34.1709       0.99607  -7.88051e-06   1.07346e-06
      35.1759      0.995778  -2.61192e-05  -5.18332e-05
      36.1809      0.995442   4.14389e-05  -8.32655e-05
      37.1859      0.995087   5.14412e-05   1.20887e-05
       38.191      0.994793   7.06878e-05   5.07322e-06
       39.196      0.994515   6.01086e-05  -3.25787e-06
       40.201      0.994106   2.44839e-05   6.23699e-06
       41.206      0.993665   8.11241e-05  -1.74199e-05
      42.2111      0.993216   6.17223e-05  -1.18258e-05
      43.2161       0.99266   6.37099e-05  -5.22793e-05
      44.2211      0.992165   0.000128718  -0.000125433
      45.2261        0.9916   0.000110477  -7.44288e-05
      46.2312      0.991214   2.50286e-05  -2.31132e-05
      47.2362      0.990597  -0.000114519   6.17773e-05
      48.2412      0.989987   1.65483e-05   4.55983e-05
      49.2462      0.989313    7.1139e-06   -3.1306e-05
      50.2513      0.988572  -3.76312e-05  -7.32003e-05
      51.2563      0.987929  -5.99135e-05  -6.78138e-05
      52.2613      0.987151  -3.88247e-05  -0.000101422
      53.2663       0.98628  -0.000117793  -0.000125198
      54.2714      0.985465   6.42749e-05  -3.27674e-05
      55.2764      0.984607  -8.38439e-05  -2.02463e-05
      56.2814      0.983687   0.000122702  -2.02337e-05
      57.2864       0.98272   5.61218e-05  -8.95122e-05
      58.2915      0.981723    0.00017667  -5.07433e-05
      59.2965      0.980609  -0.000116257  -1.96582e-05
      60.3015      0.979405  -0.000137787   -1.8664e-05
      61.3065      0.978182  -3.72194e-05  -7.73329e-05
      62.3116      0.976601   2.19467e-05  -5.19506e-05
      63.3166      0.975369   0.000244087  -7.09779e-05
      64.3216      0.973779   0.000187847   4.46586e-05
      65.3266      0.972405   0.000335835     6.432e-05
      66.3317      0.970561   4.53187e-05  -8.10069e-05
      67.3367      0.968504  -0.000207146    0.00013114
      68.3417      0.966716   0.000163248   0.000109654
      69.3467      0.964453   3.07121e-05   4.35386e-05
      70.3518      0.962153   2.55172e-05   6.17065e-05
      71.3568      0.959686  -5.20287e-05  -6.40277e-05
      72.3618      0.956938   7.33475e-05   2.71502e-05
      73.3668      0.953819   0.000202053   6.19199e-05
      74.3719      0.950782   0.000285465   0.000121392
      75.3769      0.947287   0.000297238    0.00016535
      76.3819      0.943482    0.00014348    7.4153e-05
      77.3869      0.939458   1.94026e-05  -2.62766e-05
       78.392       0.93483   2.12212e-06   0.000137623
       79.397      0.929615  -2.59407e-05   0.000192995
       80.402      0.924044   0.000337788   0.000191105
       81.407      0.917837     0.0002111   0.000221211
      82.4121      0.910568   0.000331562   0.000264926
      83.4171      0.902875   0.000148584   0.000183681
      84.4221      0.893946   7.49101e-05   0.000218601
      85.4271      0.883481   0.000221914    0.00025827
      86.4322      0.870888  -6.11772e-05   0.000167443
      87.4372      0.856966   0.000834993   0.000364335
      88.4422      0.840076   6.62603e-06   0.000418249
      89.4472      0.820052    0.00173685   0.000714024
      90.4523      0.795906    0.00053748   0.000128985
      91.4573      0.763324   0.000116651   0.000567582
      92.4623      0.721348   -0.00176224  -0.000112263
      93.4673      0.674698   0.000672316   7.46901e-05
      94.4724      0.613284  -0.000611296  -0.000216999
      95.4774      0.560102   4.22087e-05   0.000287632
      96.4824       0.51606   -0.00126936   0.000161347
      97.4874      0.482219   0.000204085   6.09457e-05
      98.4925       0.45054   7.99016e-05  -2.73868e-05
      99.4975      0.421827   0.000170913   1.40408e-05
      100.503      0.396307   0.000780886  -7.07883e-05
      101.508      0.371041   0.000688901   1.32447e-06
      102.513      0.346494   0.000496123   6.42565e-05
      103.518      0.322736   0.000703877   6.19248e-05
      104.523      0.300623   0.000443181   9.44592e-06
      105.528      0.281686   0.000565615  -8.04467e-05
      106.533      0.267231    0.00107622   1.87016e-05
      107.538      0.256748    0.00102657   2.83111e-05
      108.543      0.247465   0.000807882   1.06949e-05
      109.548      0.241022    0.00103883  -9.20922e-06
      110.553      0.234803    0.00116272   1.72076e-05
      111.558      0.229436    0.00154965  -1.11716e-05
      112.563       0.22474    0.00180231  -1.45237e-05
      113.568      0.219907    0.00209658   5.42613e-06
      114.573      0.215474    0.00212676   2.05117e-06
      115.578      0.211266     0.0021713   1.69802e-05
      116.583      0.206894    0.00165954   9.28667e-05
      117.588      0.202294    0.00129798   2.61658e-05
      118.593      0.196486   0.000132393   -1.1288e-05
      119.598      0.190605  -0.000372619   0.000186898
      120.603      0.184442  -0.000716878   0.000154182
      121.608      0.178689  -0.000886116   0.000104902
      122.613      0.174354  -0.000946151   4.03875e-05
      123.618      0.172256  -0.000826585   2.19751e-05
      124.623      0.171985  -0.000773746  -1.16441e-05
      125.628      0.173367  -0.000619495   6.30418e-06
      126.633      0.175889    -0.0005309  -1.71708e-05
      127.638      0.179446  -0.000459136   -1.5177e-06
      128.643      0.183471  -0.000533018  -2.91871e-05
      129.648      0.188272  -0.000314767  -2.20469e-05
      130.653      0.193395  -0.000497672   1.76002e-05
      131.658      0.198962  -0.000524181   -3.2411e-05
      132.663       0.20466  -0.000520943   3.86019e-06
      133.668      0.210877  -0.000518768   -7.0235e-07
      134.673      0.217233  -0.000421094  -1.47968e-06
      135.678      0.223625  -0.000293157  -4.44251e-05
      136.683      0.230548  -0.000564729  -2.89887e-05
      137.688      0.237429  -0.000254724    8.1594e-06
      138.693      0.244122  -0.000706603   -2.3711e-05
      139.698      0.251759  -0.000555188   -2.1173e-05
      140.704      0.258909  -0.000800311   -3.9666e-05
      141.709      0.266577  -0.000678287  -1.55019e-05
      142.714      0.274088   -0.00110171   8.49739e-06
      143.719      0.282439  -0.000861677  -1.44976e-05
      144.724      0.290246   -0.00129111  -3.81432e-06
      145.729      0.298851   -0.00128287  -2.38974e-05
      146.734      0.307132   -0.00147677  -7.75466e-06
      147.739       0.31617   -0.00143439  -6.71886e-06
      148.744      0.324633   -0.00151855  -4.82684e-06
      149.749      0.333779   -0.00148549   1.43907e-05
      150.754      0.342121   -0.00209984   2.61924e-05
      151.759      0.351156   -0.00179482   -4.2946e-06
      152.764      0.360885   -0.00181358  -1.61785e-05
      153.769      0.370244   -0.00178321  -2.08911e-05
      154.774      0.379289   -0.00135004  -5.16501e-05
      155.779      0.388662   -0.00163873   2.03495e-06
      156.784      0.398185   -0.00119297  -3.96503e-05
      157.789      0.408358   -0.00105329   4.40731e-06
      158.794      0.418194  -0.000934951   1.58865e-05
      159.799       0.42846  -0.000901348  -4.74206e-06
      160.804      0.438668  -0.000491493  -6.33677e-06
      161.809      0.449418     0.0001459  -1.66348e-05
      162.814      0.460301   0.000668396   -3.7017e-05
      163.819      0.471236   0.000722522  -1.06062e-05
      164.824      0.483104    0.00124768   1.05206e-06
      165.829      0.494065    0.00126206    -1.542e-05
      166.834       0.50603    0.00205899   7.63439e-06
      167.839      0.517126    0.00187924    1.6732e-05
      168.844      0.529809    0.00218231  -3.92078e-06
      169.849      0.541493     0.0022555   6.62195e-06
      170.854      0.554073     0.0028178  -1.30915e-06
      171.859      0.565515    0.00216777  -2.70678e-05
      172.864      0.577921    0.00244955  -2.53337e-05
      173.869      0.589103    0.00258674  -2.44646e-05
      174.874      0.602085    0.00143059  -2.78805e-05
      175.879      0.613499    0.00184051   3.46929e-07
      176.884      0.624775    0.00120412  -2.22725e-05
      177.889      0.635694    0.00101436  -3.21017e-05
      178.894      0.647054    0.00119904   -2.7698e-05
      179.899      0.657401   0.000575096  -3.08827e-05
      180.905      0.667338   0.000160957  -4.03681e-05
       181.91      0.676731  -0.000365465  -7.34165e-05
      182.915      0.686045  -0.000982571  -1.09868e-05
       183.92      0.694439   -0.00108719  -3.05451e-06
      184.925      0.702303   -0.00136579  -2.06883e-05
       185.93      0.710062   -0.00180301   5.76796e-06
      186.935      0.717215   -0.00174504   4.00204e-06
       187.94      0.724055   -0.00238595   4.38653e-06
      188.945      0.730037    -0.0019853   2.45517e-06
       189.95      0.736307   -0.00206542   1.26023e-06
      190.955      0.741144   -0.00216575   3.26694e-05
       191.96      0.746052   -0.00206131   4.38571e-05
      192.965      0.750851   -0.00207189   6.02132e-05
       193.97      0.754911   -0.00214794   4.57365e-05
      194.975      0.758249   -0.00226169   7.21718e-06
       195.98      0.761963   -0.00232057  -2.88524e-05
      196.985      0.764944   -0.00232538  -1.09522e-05
       197.99      0.767687   -0.00196678  -5.15914e-06
      198.995      0.770568   -0.00197491   2.92404e-06