#      distance         UMean_x         UMean_y         UMean_z
      1.0050251      0.99996803   2.5183401e-05  -2.1328748e-05
      2.0100503      0.99994195    0.0004412078  -5.7068592e-05
      3.0150754      0.99992826   0.00023107582   -8.808061e-05
      4.0201005      0.99992534   0.00021288138  -9.2086423e-05
      5.0251256      0.99989241   0.00027719922  -3.7974444e-05
      6.0301508      0.99983704   0.00044124318   2.3915526e-05
      7.0351759      0.99973178   0.00067517929  -2.9494761e-05
       8.040201      0.99971753   0.00024303961     2.50907e-05
      9.0452261      0.99967128  -0.00068237405  -6.4719983e-05
      10.050251      0.99961584   -0.0014280427  -0.00014877706
      11.055276      0.99959921  -0.00095250433   0.00012547529
      12.060302      0.99956278  -0.00024609249    0.0002026415
      13.065327       0.9994918   0.00048322397   0.00012433995
      14.070352      0.99935124   0.00077200573  -2.0583978e-05
      15.075377       0.9992702    0.0003972251   5.4790092e-06
      16.080402      0.99918964   9.0682215e-05   1.0938515e-06
      17.085427      0.99910914  -0.00012017242  -3.3968322e-05
      18.090452      0.99901788   0.00097685329   1.2796216e-05
      19.095477      0.99887546    0.0011154462   5.3159172e-05
      20.100503      0.99872445    0.0009848888   3.2824038e-05
      21.105528      0.99851951   0.00050116448  -0.00016642229
      22.110553      0.99838148   0.00021200543  -0.00019949376
      23.115578      0.99824865  -0.00013557077  -0.00021851806
      24.120603       0.9981185  -0.00050564123  -0.00024412229
      25.125628      0.99792965   0.00048504118  -0.00013857237
      26.130653      0.99770285     0.000658699   -0.0001258696
      27.135678      0.99744533  -0.00029300534  -0.00030938306
      28.140704      0.99725391  -1.7372139e-05  -0.00025193761
      29.145729      0.99707841  -0.00050769933  -0.00037160744
      30.150754       0.9967657   0.00011282148  -0.00026761993
      31.155779      0.99654712    0.0011913375  -0.00013524247
      32.160804      0.99629587  -0.00042887359  -0.00037781972
      33.165829      0.99603875   -0.0026801304  -0.00081229144
      34.170854      0.99556975   -0.0032529578  -0.00041495803
      35.175879      0.99508717    -0.002189554  -0.00026351361
      36.180905      0.99486798   -0.0016911024   0.00018165396
       37.18593      0.99445975    -0.001405911   3.7159449e-05
      38.190955      0.99414222   -0.0025083037   0.00011904253
       39.19598      0.99354008   -0.0027762534    0.0002913843
      40.201005      0.99282983    -0.002712281   0.00024557227
       41.20603      0.99211107   -0.0011456982  -2.8264794e-05
      42.211055       0.9917814   -0.0013524076   0.00011318555
       43.21608      0.99135475  -0.00086401629    0.0001608954
      44.221106       0.9913682  -0.00095321469   0.00011805961
      45.226131      0.99118161    0.0020609131   0.00015498054
      46.231156      0.99070065    0.0028599908  -0.00052151528
      47.236181      0.99026951  -5.4964957e-05   -0.0003620022
      48.241206       0.9895944   -0.0049061416   -0.0010956818
      49.246231      0.98865047   -0.0052367592   -0.0018419783
      50.251256      0.98815909   -0.0049489219   -0.0015181987
      51.256281      0.98709322   -0.0040602633  -0.00048438137
      52.261307      0.98576169   -0.0038230812   7.6518534e-05
      53.266332      0.98485354   -0.0032226238  -0.00079698871
      54.271357      0.98439296   -0.0027889955   -0.0010675065
      55.276382      0.98348997   -0.0047181712  -0.00071433106
      56.281407      0.98222203   -0.0046111173   -0.0009324976
      57.286432      0.98149607   -0.0020605118   -0.0014527466
      58.291457      0.98105293   -0.0014469789  -0.00099941855
      59.296482      0.97958946   -0.0036964476   -0.0009890228
      60.301508      0.97787986   -0.0029847168  -0.00043361623
      61.306533      0.97588088  -0.00020851678  -0.00062879328
      62.311558      0.97409012   -0.0017515985  -0.00067464717
      63.316583      0.97337354   -0.0041168401   -0.0001446666
      64.321608      0.97147894   -0.0017235739  -0.00019176757
      65.326633      0.96926614  -0.00038174814   -0.0007342309
      66.331658      0.96733215    -0.007307052  -4.6954863e-05
      67.336683      0.96571977  -0.00044388558   -0.0025445903
      68.341709      0.96251738    0.0019758628   -0.0014335582
      69.346734      0.96187107   -0.0014548341   -0.0021727633
      70.351759       0.9588434   -0.0018493568    -0.002274954
      71.356784      0.95758073    0.0052309612    0.0019460062
      72.361809      0.95400649    0.0013671491   -0.0013633204
      73.366834      0.95028321    0.0008240504   0.00060984226
      74.371859      0.94747832    0.0034026117      0.00561457
      75.376884      0.94356278   -0.0061783184  -0.00041678667
       76.38191      0.93971807   -0.0060750266   -0.0012822294
      77.386935      0.93377948   -0.0014359158   -0.0013715924
       78.39196      0.92870998  -0.00075880112   -0.0013915282
      79.396985      0.92258494   -0.0015194872   -0.0013119115
       80.40201      0.91604323   -0.0013408015   -0.0010736622
      81.407035      0.90906414   -0.0017662621   -0.0010159047
       82.41206      0.90085488   -0.0011961177  -0.00086359396
      83.417085       0.8914176   -0.0011474861  -0.00070980775
      84.422111      0.88127625   -0.0013234221    -0.001003685
      85.427136      0.87069103  -0.00071512973     0.001141397
      86.432161      0.85719793  -0.00076832303    0.0024110142
      87.437186       0.8399841  -0.00099660257    0.0027261441
      88.442211      0.81968106  -0.00086925926    0.0026459829
      89.447236      0.79494859  -0.00078389362    0.0026979338
      90.452261      0.76432724  -0.00062998283     0.002712774
      91.457286      0.72043173   -0.0036665921    0.0047144764
      92.462312      0.66005823   -0.0018978303    0.0068252953
      93.467337       0.5171829    -0.011655517   -0.0053308269


      95.477387     -0.16466634    -0.025578263     0.007847149
      96.482412     0.046377024     0.027465632  -0.00049862852
      97.487437      0.24311668     0.017606275      0.04038926


      99.497487     -0.21581969   -0.0080049554    -0.007618472
      100.50251    -0.045993071     0.019079375    -0.042491465


      102.51256    -0.014216957    0.0054047296   -0.0084112664
      103.51759      0.36005254   0.00071246945   -0.0015523062
      104.52261       0.2912793     0.030175332     -0.01047031


      106.53266    -0.089147974    -0.011249194    -0.019581552
      107.53769     0.076014567     0.016157625    -0.012123666
      108.54271      0.19193383  -0.00024006923   -0.0098395882
      109.54774      0.21981305     -0.00110647   -0.0088284986
      110.55276      0.22346993    0.0011655379   -0.0094954517
      111.55779      0.21960091    0.0063592035   -0.0089343679
      112.56281      0.21706363     0.010700416    -0.012035067
      113.56784      0.21329747    0.0098984495    -0.015262053
      114.57286      0.21087517    0.0026650546    -0.016889507
      115.57789      0.20556184    0.0027308787     -0.01103233
      116.58291      0.19255624    0.0061161299   -0.0084180469
      117.58794       0.1808713     0.010561974   -0.0073040563
      118.59296      0.16970074     0.014873459   -0.0090633466
      119.59799      0.15808031     0.015167316    -0.013509371
      120.60302      0.14154895     0.015237007    -0.014747911
      121.60804      0.13341698     0.017217889   -0.0086974266
      122.61307       0.1199045      0.01804568   -0.0023176279
      123.61809      0.11513016      0.01864748    0.0021092417
      124.62312      0.10690937     0.018006133    0.0050053796
      125.62814     0.095074461     0.011486382  -5.9719258e-05
      126.63317     0.083367475    0.0053972421   -0.0042235942
      127.63819     0.082792414    0.0066638671   0.00034302109
      128.64322      0.07637854    0.0066212265   0.00054300398
      129.64824     0.071890113    0.0058994992    0.0019056104
      130.65327     0.071500221     0.009957344    0.0028590855
      131.65829     0.073700136    0.0095584391  -6.8614189e-06
      132.66332     0.076246055  -0.00052408567   -0.0039470074
      133.66834     0.079004645   -0.0062169734  -0.00084732096
      134.67337     0.084148874   -0.0019293981    0.0073244232
      135.67839     0.080963772      0.00855092     0.010489844
      136.68342     0.066738438     0.012258605    0.0046944624
      137.68844     0.069364423     0.010632482   -0.0017070218
      138.69347     0.077802853      0.00707511    -0.012168244
      139.69849     0.080704222    0.0060162795    -0.016122684
      140.70352     0.071221961     0.016381008    -0.010598127
      141.70854     0.058635832     0.021032879    0.0055688707
      142.71357     0.051546131     0.017694907     0.010884877
      143.71859     0.054816302    0.0063701848     0.010010884
      144.72362     0.064744851   -0.0025749599    0.0075670276
      145.72864     0.069550446    -0.014053749    0.0086165442
      146.73367     0.079869459    -0.013617251     0.010195259
      147.73869     0.098080142   -0.0056077541    0.0065927093
      148.74372      0.11235577    0.0015947283  -0.00062876802
      149.74874      0.12262019    -0.010134186   -0.0049170676
      150.75377      0.13780208   -0.0096955354   0.00096622786
      151.75879      0.15035133   -0.0090553131    0.0039316395
      152.76382      0.16845504    -0.006871351    0.0068651189
      153.76884      0.19236516   -0.0072448845    0.0085755314
      154.77387      0.21908424     -0.01387331    0.0098969005
      155.77889      0.24901624    -0.012946637     0.011862713
      156.78392      0.28582295   -0.0090362404     0.013909951
      157.78894       0.3057541  -0.00094848532     0.010461497
      158.79397      0.32496549    0.0068062286    0.0094463771
      159.79899      0.34645464    0.0057531511     0.012157347
      160.80402      0.36698084   -0.0039305493     0.016602449
      161.80905      0.38571067   -0.0092454511     0.017599337
      162.81407      0.40995096    -0.019326186     0.015462766
       163.8191       0.4351616    -0.019671799     0.013195304
      164.82412      0.46012574    -0.014009956     0.013266241
      165.82915      0.48701361   -0.0033200515     0.015084342
      166.83417      0.50856764    0.0084300171     0.016704078
       167.8392      0.52717717     0.013096436     0.014060186
      168.84422      0.54658828     0.010667724    0.0086499694
      169.84925      0.55987384     0.014608803    0.0051732913
      170.85427      0.57421556     0.017995258     0.002723923
       171.8593       0.5895984     0.018913084    0.0017701603
      172.86432      0.60726158      0.01618541  -0.00018035386
      173.86935      0.62335657     0.010224617   -0.0028405641
      174.87437      0.63954498    0.0053282148   -0.0030819212
       175.8794      0.65333097    0.0077305531  -0.00049221664
      176.88442      0.66954616    0.0073861495    0.0014578177
      177.88945      0.68603791    0.0047639931    0.0035334819
      178.89447      0.69958567    0.0014633861    0.0039149214
       179.8995      0.71455052   -0.0049948554      0.00320383
      180.90452      0.72561617   -0.0059709843    0.0039897657
      181.90955      0.73894408     -0.01232815     0.005119473
      182.91457      0.74526205    -0.013108419    0.0058727707
       183.9196      0.74649986    -0.013774608    0.0046564142
      184.92462       0.7543981    -0.014488118    0.0042142101
      185.92965      0.76280942     -0.01178425    0.0043459763
      186.93467      0.77320006    -0.016338677    0.0036571228
       187.9397      0.77061662    -0.011486943     0.003578915
      188.94472      0.76296205   -0.0010669908    0.0036066713
      189.94975      0.77397582    0.0028501499    0.0014935933
      190.95477      0.78116089    0.0034445147   0.00010646747
       191.9598      0.78434308    0.0063255242   -0.0024469596
      192.96482      0.78835126    0.0089365488  -0.00095528134
      193.96985      0.79154085    0.0086719215   0.00013420594
      194.97487      0.79263491     0.015319789   0.00025819283
       195.9799      0.79566674     0.018927978  -0.00069305441
      196.98492      0.79615601     0.022313486   -0.0015333281
      197.98995      0.79559517     0.025953892   -0.0023866963
      198.99497      0.80161183     0.026929674   -0.0024841091