#      distance         UMean_x         UMean_y         UMean_z
      1.0050251      0.99999488   3.4176509e-05  -8.6942079e-07
      2.0100503      0.99997204  -9.5925086e-07   2.0893744e-05
      3.0150754      0.99997281   1.8126403e-05   -3.045058e-05
      4.0201005      0.99995213   0.00013578013   1.7737026e-05
      5.0251256      0.99993378   0.00030368443  -8.1721729e-06
      6.0301508      0.99991831   0.00018190192  -1.9027977e-05
      7.0351759      0.99989048   0.00021409701  -3.7442629e-05
       8.040201      0.99985393   0.00027694186  -4.9003281e-05
      9.0452261       0.9998268   0.00026294326   -1.348325e-05
      10.050251      0.99979271   0.00030563384   3.4941771e-05
      11.055276      0.99973304   0.00018967345  -2.1867127e-05
      12.060302      0.99968245   0.00033176482  -5.7641028e-05
      13.065327      0.99963575   0.00049157568  -8.0796027e-05
      14.070352      0.99954557   0.00061813413  -5.3040209e-05
      15.075377      0.99946936   0.00040021537  -8.0712928e-05
      16.080402      0.99941532   0.00036043028  -6.4470003e-05
      17.085427      0.99935513    0.0008142227  -4.6350343e-08
      18.090452      0.99924275     0.000542297  -9.0273556e-05
      19.095477      0.99915508   0.00036906988  -5.5860515e-05
      20.100503      0.99902384   0.00047286937    4.767607e-05
      21.105528      0.99890667   0.00097913571   0.00012861837
      22.110553      0.99882557    0.0010769483  -2.5275606e-05
      23.115578      0.99874649     0.001174326  -0.00023550085
      24.120603       0.9986028     0.002281502  -0.00021590216
      25.125628       0.9984749    0.0027949634  -0.00025423079
      26.130653      0.99835537    0.0030063334  -0.00029985692
      27.135678      0.99815311    0.0018739827  -0.00034323389
      28.140704      0.99800368    0.0016146699  -0.00026315761
      29.145729      0.99786257    0.0014069584  -0.00014029968
      30.150754      0.99764458    0.0009522089  -0.00024402459
      31.155779      0.99750809    0.0013723702  -0.00036407566
      32.160804      0.99725822    0.0011137172  -0.00018359181
      33.165829      0.99705113    0.0010757658  -0.00010720313
      34.170854      0.99671746     0.002731255  -0.00014973401
      35.175879      0.99642585    0.0015802049  -0.00039810741
      36.180905       0.9961759    0.0014587761  -0.00042295525
       37.18593      0.99590179  -0.00031728899    3.650045e-05
      38.190955      0.99569817   0.00055541184    6.362213e-05
       39.19598         0.99542    0.0018923254   0.00019318134
      40.201005      0.99520833    0.0046503442  -0.00025602577
       41.20603      0.99480053     0.002592253  -0.00037616546
      42.211055      0.99441315  -1.1842344e-05  -0.00027880465
       43.21608      0.99397505  -3.0851204e-05   0.00030010487
      44.221106       0.9936741    0.0036423926  -0.00017926928
      45.226131      0.99335256     0.005293016  -0.00070578862
      46.231156      0.99265139    0.0026425479  -0.00070516772
      47.236181        0.992127      0.00329749  -4.4024281e-05
      48.241206      0.99172872     0.003625398   0.00024191996
      49.246231      0.99135342    0.0040745792  -0.00019689837
      50.251256      0.99088233     0.001029942  -0.00070624871
      51.256281      0.99016959   0.00061704331   0.00014946789
      52.261307      0.98964976   0.00027583384   0.00056222827
      53.266332      0.98922981   0.00020101349   0.00022555448
      54.271357      0.98841906   -0.0022406962   -0.0018951456
      55.276382      0.98777718   -0.0020944079   -0.0023278725
      56.281407      0.98655439   0.00088842069   -0.0011002242
      57.286432      0.98551259    0.0071293472  -0.00063660799
      58.291457      0.98462746    0.0069378539  -0.00087570734
      59.296482      0.98356097    0.0042186098   -0.0014089173
      60.301508      0.98314001     0.008374552  -0.00095443297
      61.306533      0.98228733    0.0064931688   0.00026169002
      62.311558      0.98133786    0.0071644496   0.00095933032
      63.316583      0.97981408     0.006396659   0.00060186091
      64.321608       0.9778759    0.0081151471    0.0022336415
      65.326633      0.97730781    0.0071799275   0.00045157527
      66.331658      0.97595977    0.0080221566   -0.0003261882
      67.336683      0.97436698     0.015103342    0.0023445444
      68.341709      0.97281871    0.0078921496   0.00015886671
      69.346734      0.97121232    0.0086850784  -0.00041357725
      70.351759      0.96940018    0.0079428738   -0.0012844878
      71.356784      0.96723436     0.010743735  -0.00040168032
      72.361809      0.96548007     0.010485026  -0.00062307699
      73.366834      0.96333674     0.013343777   6.3293176e-05
      74.371859      0.96093934      0.01405291   0.00021275833
      75.376884      0.95821795     0.016384907   3.1064927e-05
       76.38191      0.95529744     0.018210845   6.5918586e-05
      77.386935      0.95185909     0.019892037  -5.4023929e-05
       78.39196      0.94882823     0.021200267   2.9248981e-05
      79.396985      0.94531306     0.023564341  -0.00020749643
       80.40201      0.94137251     0.026170283  -0.00038773179
      81.407035      0.93697179     0.029242756   -0.0004331984
       82.41206      0.93231363      0.03283236  -0.00036387579
      83.417085      0.92714919      0.03709871  -0.00034840251
      84.422111      0.92153468     0.042204655  -0.00036084834
      85.427136      0.91534154     0.048399973  -0.00034464532
      86.432161      0.90878458     0.055834522  -0.00031896131
      87.437186      0.90156456     0.064912068  -0.00036137743
      88.442211      0.89400811     0.076129294  -0.00035215834
      89.447236      0.88601586     0.090160328  -0.00038656499
      90.452261      0.87819074      0.10762278  -0.00055270151
      91.457286      0.87108751      0.13027808  -0.00063730369
      92.462312      0.86635539      0.15952062  -0.00072118343
      93.467337       0.8684663      0.19223572  -0.00062004113
      94.472362      0.88190611      0.23366547   -0.0020659153
      95.477387       0.8996222      0.26713744   -0.0033462598
      96.482412      0.89997021      0.35148444   -0.0048810288
      97.487437        1.111187       0.4215159   -0.0033426143
      98.492462      0.91157323      0.13958605    0.0064043689
      99.497487    0.0041494373     -0.16059836   -0.0008113177


      100.50251  -0.00057349548    -0.018073778  -0.00024666136
      101.50754      0.15688452      0.24157534    0.0053191099
      102.51256      0.71023819      0.37962187     0.012139183
      103.51759       0.3938496     0.021898265     0.012256501
      104.52261      0.30604528     0.017517165     0.015317246
      105.52764      0.42809673     0.059545461     0.010341648
      106.53266      0.50241137     0.025560412    0.0094991652
      107.53769      0.48487364      -0.0177549    0.0038819135
      108.54271      0.45136589    -0.024809836    0.0048358357
      109.54774      0.43019167     -0.02097139    0.0069854355
      110.55276       0.4186811    -0.016861034    0.0048721297
      111.55779      0.41621815    -0.012619214    0.0025742689
      112.56281      0.42057206    -0.011652646    0.0027526276
      113.56784      0.42891862    -0.013456113    0.0025163543
      114.57286      0.43891969    -0.016109638    0.0025146589
      115.57789      0.45040679    -0.017449328    0.0037176464
      116.58291      0.46319223    -0.017374197    0.0045577208
      117.58794      0.47344168    -0.017353051    0.0039482153
      118.59296       0.4816436    -0.016444332    0.0024816525
      119.59799      0.48740705    -0.014736706   0.00062611454
      120.60302      0.49368242    -0.014054753   -0.0004750974
      121.60804      0.50149845    -0.016048485    -0.001239413
      122.61307      0.51097566    -0.019405146   -0.0017987555
      123.61809      0.52086745    -0.021969878   -0.0025241136
      124.62312      0.52927691     -0.02383099   -0.0017723743
      125.62814      0.53582559    -0.024810018  -0.00088519981
      126.63317      0.54238865    -0.026462937   -0.0010781414
      127.63819      0.55022747    -0.029095732   -0.0021044985
      128.64322      0.55849658     -0.03067996    -0.002851424
      129.64824      0.56709471    -0.030898607   -0.0040925904
      130.65327      0.57723172    -0.031358596   -0.0054092733
      131.65829      0.58813755    -0.032929801    -0.006049582
      132.66332      0.59876353    -0.035100688   -0.0064990208
      133.66834      0.60927247    -0.038694995   -0.0060108672
      134.67337      0.61912496    -0.043102569   -0.0059291576
      135.67839      0.62880939    -0.046751387   -0.0061532346
      136.68342      0.63768644    -0.048962823   -0.0061341784
      137.68844      0.64441679    -0.050106436   -0.0044980074
      138.69347      0.64899316    -0.051113876   -0.0017115836
      139.69849      0.65159468    -0.051341661    0.0011992447
      140.70352      0.65442448    -0.051797565    0.0029462406
      141.70854      0.65708653    -0.052406439    0.0033072199
      142.71357      0.65867086    -0.053568597    0.0041912777
      143.71859      0.65972568    -0.054857999    0.0059617246
      144.72362        0.661666    -0.055967457    0.0082934513
      145.72864      0.66351109    -0.056249617    0.0095540056
      146.73367      0.66664668    -0.056056495     0.010283022
      147.73869      0.67129959    -0.056844331    0.0099538696
      148.74372      0.67680531     -0.05749459    0.0090918642
      149.74874      0.68233013    -0.057354216    0.0083568191
      150.75377       0.6879012    -0.057435382    0.0070191773
      151.75879      0.69408732    -0.057654604    0.0053879579
      152.76382      0.69917018    -0.057044059    0.0035997295
      153.76884      0.70291123    -0.055721912    0.0020389701
      154.77387      0.70565536    -0.054401709    0.0011932839
      155.77889      0.70868834    -0.054494983  -0.00014759474
      156.78392      0.71216715    -0.055779491  -0.00097640894
      157.78894      0.71595281    -0.056681645   -0.0015112538
      158.79397      0.71743757    -0.055931625   -0.0019825264
      159.79899      0.71822907    -0.054715628   -0.0019374259
      160.80402       0.7209675    -0.054517992   -0.0015560348
      161.80905      0.72527558    -0.055139991   -0.0017274214
      162.81407       0.7300252    -0.056172155   -0.0021410696
       163.8191      0.73483559    -0.057109873   -0.0027521833
      164.82412      0.73899135    -0.057634384   -0.0033645101
      165.82915      0.74296252    -0.057179658   -0.0036584012
      166.83417      0.74678916    -0.056460979   -0.0040651655
       167.8392      0.75137155    -0.056340193   -0.0043558526
      168.84422      0.75599175    -0.057000558   -0.0044109722
      169.84925      0.75932256    -0.057097778   -0.0042334017
      170.85427      0.76055659     -0.05602066   -0.0040106731
       171.8593      0.76130786    -0.055013065   -0.0038185501
      172.86432      0.76280038    -0.054826621   -0.0036392076
      173.86935      0.76462101    -0.054602146   -0.0031710702
      174.87437      0.76574235    -0.053336821   -0.0024411104
       175.8794      0.76676975    -0.051902105   -0.0022599126
      176.88442      0.76821133    -0.050880639   -0.0016486861
      177.88945      0.77022158    -0.050023309   -0.0002838301
      178.89447      0.77255507    -0.049159275     0.001191888
       179.8995      0.77526734    -0.047993918    0.0020877809
      180.90452      0.77747096    -0.046341245    0.0028924066
      181.90955      0.77905158    -0.044854497    0.0036645106
      182.91457      0.77884562    -0.044343241     0.001988643
       183.9196      0.77714519    -0.043176953    0.0017562947
      184.92462      0.77402715    -0.041592841     0.001739236
      185.92965      0.77164921    -0.039916839    0.0017257612
      186.93467       0.7690252    -0.039828887    0.0031093615
       187.9397      0.76588717    -0.036953429    0.0025457629
      188.94472      0.76681549     -0.03247262    0.0031247712
      189.94975      0.77301225    -0.028836637    0.0030586795
      190.95477      0.77668324    -0.025483324    0.0050975615
       191.9598      0.76512936    -0.023845597    0.0020083193
      192.96482        0.769769    -0.024196605    0.0013344735
      193.96985       0.7813388    -0.021761854    0.0018164649
      194.97487      0.76829829     -0.02161289    0.0011221544
       195.9799      0.77390999     -0.02049942   0.00035795081
      196.98492      0.77461903     -0.01387582   0.00063164481
      197.98995      0.79221947    -0.013033358    0.0031793555
      198.99497      0.77449258    -0.014637364    0.0011674048